"Bt1"||"B"||1||25|||46|||21||0|0|0|0|0|5|95|98|100|95|98|100|95|98|100|90|95|100||2|||0|||0|||0|||0.2|||1.8|||40||||||||50|58|80||0||2|2.91|4||||1|1.2|1.4||||1.06|1.26|1.46||0.42|2.3|4.23|0.12|0.13|0.14||||31.9|35.4|40.6|26|31.8|36.5|41|50|58|0|1.5|2.9|50|64|80|20|25|30|21|31|43|".10"|".10"|0|0|0|0|0|0|0|0|0|0|0|0|10.3|15.9|18.3||7.9|||5.9||4.5|5|6||4.5|||||||||||||||||||||||||||||||"26150198"|"78108906"
"Bt3"||"B"||3||74|||122|||48||0|0|0|0|3|5|95|98|100|95|95|100|95|95|100|90|95|100||7|||0|||0|||0|||0.6|||6.4|||35||||||||50|58|60||0||1|1.14|2||||1|1.2|1.4||||1.06|1.26|1.46||1.41|2.5|4.23|0.12|0.13|0.14||||31.4|33.7|35.8|25.1|29.4|32.3|42|49|59|0|1.5|2.9|50|64|80|20|22|30|21|28|43|".10"|".10"|0|0|0|0|0|0|0|0|0|0|0|0|8.4|12|16.2||5.9|||3.8||4.5|4.9|6||4.4|||||||||||||||||||||||||||||||"26150198"|"78108907"
"Bt2"||"B"||2||46|||74|||28||0|0|0|0|0|5|95|98|100|95|98|100|95|98|100|90|95|100||3|||0|||0|||0|||0.3|||2.7|||39||||||||50|58|75||0||1|1.74|3||||1|1.2|1.4||||1.06|1.26|1.46||0.42|2.3|4.23|0.12|0.13|0.14||||31.4|34.9|39.3|25.1|30.7|35.4|42|51|58|0|1.5|2.9|50|77|80|20|40|40|21|47|51|".10"|".10"|0|0|0|0|0|0|0|0|0|0|0|0|12.2|17.2|19||7.8|||4.4||4.5|4.8|6||4.4|||||||||||||||||||||||||||||||"26150198"|"78108908"
"Bt4"||"B"||4||122|||147|||25||0|0|0|0|5|10|90|95|100|90|95|100|90|95|100|90|95|100||14|||0.4|||0.8|||1.6|||4.4|||6.8|||41||||||||40|45|60||0||0.5|0.74|1||||1|1.2|1.4||||1.06|1.26|1.46||0.42|0.9|1.41|0.12|0.13|0.14||||27.1|30.1|35.4|18.8|22.5|31.4|40|49|59|0|1.5|2.9|50|64|80|20|22|30|21|28|43|".10"|".10"|0|0|0|0|0|0|0|0|0|0|0|0|7.3|11.6|15.9||6.4|||4.2||4.5|4.8|6||4.4|||||||||||||||||||||||||||||||"26150198"|"78108910"
"Ap"||"A"||||0|||25|||25||0|0|0|0|0|5|95|98|100|95|98|100|90|95|100|85|92.5|100||4|||0|||0|||0|||0.4|||3.6|||38||||||||50|58|60||0||4|6.47|7||||1|1.2|1.4||||1.06|1.26|1.46||4.23|23|42|0.12|0.13|0.14||||32.8|36.8|37.8|27.8|35|36.7|39|48|56|0|1.5|2.9|50|52|80|20|23|30|19|25|43|".10"|".10"|0|0|0|0|0|0|0|0|0|0|0|0|19.8|23.9|27.6||13.9|||13.8||5.1|5.4|6||5|||||||||||||||||||||||||||||||"26150198"|"78108909"
"C"||"C"||||147|||178|||31||5|8|15|5|10|15|65|75|85|60|70|80|55|70|80|50|62|75||15|||0.5|||0.9|||1.7|||4.7|||7.2|||40||||||||40|45|55||0||0|0|0||||1|1.2|1.4||||1.07|1.27|1.47||0.42|0.9|1.41|0.1|0.11|0.12||||18.3|23.3|28.7|12.5|17.1|23.7|28|39|50|0|1.5|2.9|50|65|70|20|25|30|7|15|26|".05"|".10"|0|0|0|0|0|0|0|0|0|0|0|0|6.7|7.8|9.1|||||||4.5|5.6|6|||||||||||||||||||||||||||||||||"26150198"|"78108911"
"C"||"C"|||142|147|152|175|178|180|28|31|33|5|9|11|5|9|11|67|76|87|43|62|87|40|61|87|36|55|86|10|15|15|0|0.5|1|0|0.9|1|1|1.7|2|4|4.7|5|7|7.2|8|40|40|45|||||||40|45|55||0||0|0|0||||1.22|1.22|1.42||||1.38|1.55|1.55||0.42|0.9|1.41|0.1|0.11|0.12||||15.6|21.6|30|10.7|15.9|25|23|35|45|1.1|1.6|2.7|46|51|60|28|32|40|7|15|26|".05"|".10"|0|0|0|0|0|0|0|0|0|0|0|0|6.7|7.8|9.1||||1.2|1.5|2.3|4.5|5.6|6||||||||||4.7|6.5|9.9|||||||||||||||||||||"26150199"|"78108914"
"Ap"||"A"|||0|0|0|23|25|25|23|25|25|0|0|0|0|4|6|94|96|100|87|91|100|80|91|100|78|89|100|0|4|5|0|0|0|0|0|0|0|0|0|0|0.4|1|3|3.6|4|35|38|40|||||||50|58|60||0||4|6.47|7||||1.22|1.24|1.42||||1.38|1.48|1.55||4.23|23|42|0.12|0.13|0.14||||31.4|35.1|38.1|26.9|33.7|37.4|36|44|48|4.4|5.6|30|62|75|78|35|41|42|19|25|43|".10"|".10"|0|0|0|0|0|0|0|0|0|0|0|0||||6.6|8.7|9.6|5.1|5.8|8.1|5.1|5.4|6||5||||||||15.7|22.7|24.9|||||||||||||||||||||"26150199"|"78108912"
"Bt4"||"B"||4|120|122|140|142|147|152|20|25|30|0|0|0|0|4|6|94|96|100|87|91|100|81|90|100|74|82|100|10|14|15|0|0.4|1|0|0.8|1|1|1.6|2|4|4.4|5|6|6.8|7|40|41|45|||||||40|45|55||0||0.5|0.74|1||||1.22|1.42|1.42||||1.38|1.55|1.55||0.42|0.9|1.41|0.12|0.13|0.14||||27.5|30.1|35.2|19.9|23.4|30.9|39|40|51|2.2|2.6|3.6|47|53|62|28|32|39|21|28|43|".10"|".10"|0|0|0|0|0|0|0|0|0|0|0|0||||4.3|6.1|8.1|2.7|2.9|5.4|4.5|4.8|6||4.4||||||||7.5|11.6|15.2|||||||||||||||||||||"26150199"|"78108913"
"Bt1"||"B"||1|23|25|25|40|46|50|15|21|25|0|0|0|0|4|6|94|96|100|87|91|100|80|91|100|79|90|100|0|2|5|0|0|0|0|0|0|0|0|0|0|0.2|1|1|1.8|2|35|40|40|||||||50|58|80||0||2|2.91|4||||1.22|1.24|1.42||||1.38|1.48|1.55||0.42|2.3|4.23|0.12|0.13|0.14||||30.5|33.7|40.8|25.1|30.6|36.8|38|46|50|4.4|8|30|58|68|89|35|42|57|21|31|43|".10"|".10"|0|0|0|0|0|0|0|0|0|0|0|0||||6.1|8.6|13.1|2.1|5|7|4.5|5|6||4.5||||||||12.4|18.1|26.7|||||||||||||||||||||"26150199"|"78108915"
"Bt3"||"B"||3|69|74|79|120|122|140|46|48|66|0|0|0|0|4|6|94|96|100|87|91|100|80|91|100|77|88|99|5|7|10|0|0|0|0|0|0|0|0|0|0|0.6|1|6|6.4|7|35|35|40|||||||50|58|60||0||1|1.14|2||||1.22|1.23|1.42||||1.38|1.38|1.55||1.41|2.5|4.23|0.12|0.13|0.14||||30|33|36|24.2|28.9|32.7|39|47|51|3|4.1|5.4|56|64|69|35|40|43|21|28|43|".10"|".10"|0|0|0|0|0|0|0|0|0|0|0|0||||5.7|7.9|9.4|3|4|5.9|4.5|4.9|6||4.4||||||||10.6|15.1|18.3|||||||||||||||||||||"26150199"|"78108916"
"Bt2"||"B"||2|40|46|50|69|74|79|23|28|33|0|0|0|0|4|6|94|96|100|87|91|100|80|91|100|79|90|100|0|3|5|0|0|0|0|0|0|0|0|0|0|0.3|1|2|2.7|3|35|39|40|||||||50|58|75||0||1|1.74|3||||1.22|1.24|1.42||||1.38|1.46|1.55||0.42|2.3|4.23|0.12|0.13|0.14||||30.1|33.2|39.6|24.2|29.5|35.6|39|46|50|4.4|6.5|30|56|65|83|35|41|54|21|47|51|".10"|".10"|0|0|0|0|0|0|0|0|0|0|0|0||||5.7|8.5|12|2.8|4.1|7|4.5|4.8|6||4.4||||||||10.6|16.6|23.8|||||||||||||||||||||"26150199"|"78108917"
"H1"||"H"||1||0|||15|||||0|3|15|0|3|10|85|90|100|75|85|100|40|50|65|0|3|5||92.9|||18.3|||30.7|||22.6|||15.7|||5.6|||6.6||||||||0|0.5|1||0||0|0.05|0.1||||1.35|1.48|1.6||||1.43|1.56|1.63||42.34|92|141|0.03|0.04|0.05|3.4|6.9|9.4|1.2|3.3|5.1|0|0.3|0.7|26|37|47|0|1.5|2.9|0|7|14|0|0|0|0|0|0|".05"|".05"|0|95|99|0|0|0|0|3|5|16|24|32||||||||||6.1|7|7.8|||||||||||||||||||||||||||||||||"26150097"|"78108662"
"H2"||"H"||2||15|||152|||||0|3|15|0|3|10|85|90|100|75|85|100|40|50|65|0|3|5||92.9|||18.3|||30.7|||22.6|||15.7|||5.6|||6.6||||||||0|0.5|1||0||0|0.05|0.1||||1.35|1.48|1.6||||1.43|1.56|1.63||42.34|92|141|0.03|0.04|0.05|3.4|6.9|9.4|1.2|3.3|5.1|0|0.3|0.7|26|37|47|0|1.5|2.9|0|7|14|0|0|0|0|0|0|".05"|".05"|0|95|99|0|0|0|0|3|5|16|24|32||||||||||6.1|7|7.8|||||||||||||||||||||||||||||||||"26150097"|"78108663"
"2R"|2|"R"|||38|48|48|68|73|78|20|25|30||||||||||||||||||||0|||0|||0|||0|||0|||0|||100||||||||0|0|0||0||0|0|0||||||||||||||0.42|21.38|42.34|0|0|0||||||||||||||||0|0|0|0|0|0|0|0|0|".02"|".02"|95|97|99|0|0|0|0|0||0|0|0|||||||||||||||||||||||||||||||||||||||||||||"26150227"|"78109034"
"Ap"||"A"|||0|0|0|15|20|25|15|20|25|0|5|9|11|15|18|89|91|93|77|84|88|71|81|88|63|72|82|5|18.5|20|0.2|1.3|1.4|0.5|2|2|0.8|2.9|3.1|1.6|5.9|9.7|1.7|6.4|12.2|40|44|60|||||||35|37.5|40|0|0|0|2|3|4||||1.1|1.22|1.33||||1.17|1.29|1.35||5|25|45|0.09|0.11|0.12||||24.7|28.2|31.5|14.6|17.9|21.3|35|41|49|2.2|2.7|3|46|51|56|24|26|28|13|19|25|".15"|".17"|0|0|0|0|0|0|0|0|0|0|0|0|12.1|14.4|16.2||||11.2|13.8|16.2|6.6|6.7|7.3||||||||||1.8|2.8|3.3|0|0|0.1||||||||||||||||||"26150227"|"78109032"
"Bw"||"B"|||15|20|25|38|48|48|13|28|28|0|5|9|11|15|17|74|79|85|59|70|83|54|68|83|48|60|78|5|18.5|20|0.2|1.3|1.4|0.5|2|2|0.8|2.9|3.1|1.6|5.9|9.7|1.7|6.4|12.2|40|44|60|||||||35|37.5|40|0|0|0|0.5|0.75|1||||1.1|1.19|1.27||||1.17|1.26|1.33||5|25|45|0.1|0.11|0.12||||21.3|24.7|28.1|11.7|14.3|17.1|33|40|47|1.9|2.3|2.9|43|46|50|24|26|28|7|13|22|".15"|".17"|0|0|0|0|0|0|0|0|0|0|0|0|11.3|12.5|13.7||||11.3|14|15.2|7.4|7.5|7.8||||||||||0.8|1.3|1.5|0|0|0||||||||||||||||||"26150227"|"78109033"
"R"||"R"|||0|0|0|150|152|155|150|152|155||||||||||||||||||||0|||0|||0|||0|||0|||0|||0||||||||0|0|0||0||0.1|0.2|0.25||||||||||||||1.4|10|42|0|0|0|||||||||||||0|0|0|0|0|14|0|0|0|0|0|0|".02"|".02"||100||0|0|0|0|0|0|0|0|0|0|0|0||||||||||||||||||||||||||||||||||||||||"Very high"||"26150228"|"78109035"
"H3"||"H"||3||74|||99|||||0|0|0|0|0|0|0|0|0|0|0|0|0|0|0|0|0|0||0|||0|||0|||0|||0|||0|||0||||||||0|0|0||0||0|0|0||||||||||||||1|2|42|0|0|0|||||||||||||0|0|0|0|0|0|0|0|0||||".02"|".02"|95|97|99|0|0|0|0|0|0|0|0|0|||||||||||||||||||||||||||||||||||||||||||||"26150100"|"78108670"
"H1"||"H"||1||0|||20|||||0|0|0|0|0|0|100|100|100|100|100|100|95|97.5|100|85|92.5|100||18.5|||1.3|||2|||2.9|||5.9|||6.4|||44||||||||35|37.5|40||0||2|3|4||||1.1|1.2|1.35||||1.15|1.25|1.4||4.23|9|14|0.09|0.11|0.14||||32.3|33.5|34.7|18.9|21.1|23.2|45|50|54|0|1.5|2.9|35|40|45|10|15|20|8|15|23|".17"|".17"|0|0|0|0|0|0|0|3|4|0|0|0|10.3|14.4|17.8|||||||6.6|7|7.3|||||||||||||||||||||||||||||||||"26150100"|"78108668"
"H2"||"H"||2||20|||74|||||0|0|0|0|0|0|100|100|100|95|97.5|100|90|95|100|85|92.5|100||18.5|||1.3|||2|||2.9|||5.9|||6.4|||44||||||||35|37.5|40||0||0.2|2.1|4||||1.1|1.2|1.3||||1.16|1.26|1.31||4.23|9|14|0.11|0.14|0.17||||30.4|32.6|34.7|16.6|19.9|23.2|46|50|54|0|1.5|2.9|35|40|45|10|15|20|8|15|23|".17"|".17"|0|0|0|0|0|0|0|3|4|0|0|0|9.7|13.4|15.3|||||||6.6|7|7.3|||||||||||||||||||||||||||||||||"26150100"|"78108669"
"C1"||"C"||1|63|66|68|86|91|97|20|25|31|0|0|0|0|3|5|90|94|100|79|89|100|78|89|100|75|86|100|2|5|10|0|0|0.3|0|0|0.6|0|0.1|1.1|0.2|1.1|3.2|1.8|3.8|4.8|40|40|45|||||||50|55|58|0|0|0|0.5|0.75|1||||1.2|1.36|1.4||||1.57|1.73|1.83|2.69|4.23|9|14|0.13|0.14|0.15||||28.4|32.2|36.2|23.1|27.9|33.1|39|43|53|6.7|7.8|9.3|59|65|71|36|40|44|27|38|52|".20"|".20"|0|0|0|0|0|0|0|0|0|0|0|0|26.2|29|30.7||||24.8|27.8|31.3|6.6|6.9|7.3||||||||||3|4.5|5.7|||||||||||||||||||||"26150229"|"78109039"
"C2"||"C"||2|86|91|97|116|122|122|25|31|31|0|0|0|0|3|5|90|94|100|79|89|100|78|89|100|75|86|100|2|5|10|0|0|0.3|0|0|0.6|0|0.1|1.1|0.2|1.1|3.2|1.8|3.8|4.8|40|40|45|||||||50|55|58|0|0|0|0.5|0.75|1||||1.2|1.36|1.4||||1.57|1.73|1.83|2.69|4.23|9|14|0.13|0.14|0.15||||28.4|32.2|36.2|23.1|27.9|33.1|39|43|53|6.7|7.8|9.3|59|65|71|36|40|44|27|38|52|".20"|".20"|0|0|0|0|0|0|0|0|0|0|0|0|26.2|29|30.7||||24.8|27.8|31.3|6.6|6.9|7.3||||||||||3|4.5|5.7|||||||||||||||||||||"26150229"|"78109040"
"C3"||"C"||3|116|122|122|162|165|167|40|43|45|0|0|0|0|3|5|90|94|100|79|89|100|78|89|100|75|86|100|2|5|10|0|0|0.3|0|0|0.6|0|0.1|1.1|0.2|1.1|3.2|1.8|3.8|4.8|40|40|45|||||||50|55|58|0|0|0|0.5|0.75|1||||1.2|1.36|1.4||||1.57|1.73|1.83|2.69|4.23|9|14|0.13|0.14|0.15||||28.4|32.2|36.2|23.1|27.9|33.1|39|43|53|6.7|7.8|9.3|59|65|71|36|40|44|27|38|52|".20"|".20"|0|0|0|0|0|0|0|0|0|0|0|0|26.2|29|30.7||||24.8|27.8|31.3|6.6|6.9|7.3||||||||||3|4.5|5.7|||||||||||||||||||||"26150229"|"78109041"
"Bw"||"B"|||38|43|46|63|66|68|20|23|25|0|0|0|0|3|5|90|94|100|79|89|100|78|89|100|75|86|100|2|5|10|0|0|0.3|0|0|0.6|0|0.1|1.1|0.2|1.1|3.2|1.8|3.8|4.8|40|40|45|||||||50|55|58|0|0|0|0.5|0.75|1||||1.2|1.36|1.4||||1.57|1.73|1.83|2.69|4.23|9|14|0.13|0.14|0.15||||28.4|32.2|36.2|23.1|27.9|33.1|39|43|53|6.7|7.8|9.3|59|65|71|36|40|44|27|38|52|".20"|".20"|0|0|0|0|0|0|0|0|0|0|0|0|26.2|29|30.7||||24.8|27.8|31.3|6.6|6.9|7.3||||||||||3|4.5|5.7|||||||||||||||||||||"26150229"|"78109038"
"Ap1"||"A"||1|0|0|0|10|23|23|10|23|23|0|0|0|0|4|5|88|94|100|77|87|100|76|87|100|74|86|100|2|3|10|0|0|0.3|0|0|0.6|0|0|1.1|0.2|0.7|3.2|1.8|2.3|4.8|40|42|48|||||||50|55|58|0|0|0|1|2|3||||1.1|1.2|1.3||||1.28|1.38|1.43|2.66|4.23|9|14|0.13|0.14|0.15||||30.6|33.4|36.2|24.5|28.7|33.2|44|49|55|6.8|7.9|9.3|65|70|75|30|35|40|24|36|50|".20"|".20"|0|0|0|0|0|0|0|0|0|0|0|0|26.5|29.4|31.2||||17.5|18.5|21.1|6.1|6.3|6.5||||||||||6.1|7.6|9.1|||||||||||||||||||||"26150229"|"78109036"
"Ap2"||"A"||2|10|23|23|38|43|46|15|20|23|0|0|0|0|4|5|88|94|100|77|87|100|76|87|100|74|86|100|2|3|10|0|0|0.3|0|0|0.6|0|0|1.1|0.2|0.7|3.2|1.8|2.3|4.8|40|42|48|||||||50|55|58|0|0|0|1|2|3||||1.1|1.2|1.3||||1.28|1.38|1.43|2.66|4.23|9|14|0.13|0.14|0.15||||30.6|33.4|36.2|24.5|28.7|33.2|44|49|55|6.8|7.9|9.3|65|70|75|30|35|40|24|36|50|".20"|".20"|0|0|0|0|0|0|0|0|0|0|0|0|26.5|29.4|31.2||||17.5|18.5|21.1|6.1|6.3|6.5||||||||||6.1|7.6|9.1|||||||||||||||||||||"26150229"|"78109037"
"Ag1"||"A"||1|10|15|15|23|25|28|8|10|13|0|0|0|0|0|0|100|100|100|100|100|100|96|99|100|90|94|100|5|8|15|0.2|0.3|0.5|0.3|0.5|0.9|0.6|0.9|1.7|1.6|2.5|4.7|2.3|3.8|7.2|40|46|55|20|20|22|22|26|35|40|46|50|0|0|0|2|4|6||||1.13|1.27|1.4||||1.24|1.38|1.51||1.41|7|14|0.15|0.16|0.17||||31|33.6|35.5|22.6|27.6|31.5|41|49|56|2.4|3|3.4|53|67|80|28|36|43|28|40|54|".20"|".20"|0|0|0|0|0|0|1|3|5|0|0|0||||6.9|8.2|9.3|2|4.5|6|4.5|5.2|6.5||||||||||11.1|18|24|0|1.5|3||||||||||||||||||"26150230"|"78109043"
"Ag2"||"A"||2|23|25|28|30|33|35|5|8|10|0|0|0|0|0|0|100|100|100|100|100|100|96|99|100|90|94|100|5|8|15|0.2|0.3|0.5|0.3|0.5|0.9|0.6|0.9|1.7|1.6|2.5|4.7|2.3|3.8|7.2|40|46|55|20|20|22|22|26|35|40|46|50|0|0|0|2|4|6||||1.13|1.27|1.4||||1.24|1.38|1.51||1.41|7|14|0.15|0.16|0.17||||31|33.6|35.5|22.6|27.6|31.5|41|49|56|2.4|3|3.4|53|67|80|28|36|43|28|40|54|".20"|".20"|0|0|0|0|0|0|1|3|5|0|0|0||||6.9|8.2|9.3|2|4.5|6|4.5|5.2|6.5||||||||||11.1|18|24|0|1.5|3||||||||||||||||||"26150230"|"78109044"
"Apg"||"A"|||0|0|0|10|15|15|10|15|15|0|0|0|0|0|0|94|96|100|88|92|100|84|91|100|79|86|100|5|8|15|0.2|0.3|0.5|0.3|0.5|0.9|0.6|0.9|1.7|1.6|2.5|4.7|2.3|3.8|7.2|40|46|55|20|20|22|22|26|35|40|46|50|0|0|0|5|8|10||||1.18|1.23|1.31||||1.41|1.46|1.51||1.41|7|14|0.19|0.19|0.21||||30.2|33.5|36.4|23.1|28.8|33.5|45|48|52|4.6|5.6|6.7|58|72|85|28|35|42|24|36|55|".17"|".17"|0|0|0|0|0|0|1|3|5|0|0|0||||6.7|7.9|8.8|1.6|2.5|7.1|4.5|4.8|6.5||||||||||16.3|25.8|31|0|1.5|3||||||||||||||||||"26150230"|"78109042"
"Cg"||"C"|||64|66|69|91|91|152|25|25|61|0|0|0|0|0|0|95|96|100|89|93|100|85|91|100|79|85|96|8|10|15|0.1|0.7|0.9|0.4|1.1|1.3|1|1.6|1.7|2.5|3.2|4.3|2.7|3.4|9.2|52|55|56|20|20|22|30|35|35|30|35|40|0|0|0|0.5|1.25|2||||1.37|1.4|1.42||||1.54|1.57|1.62||4.23|9|14.11|0.19|0.2|0.21||||29.1|32|35.9|16.5|20.5|25.5|36|40|46|2.7|3.6|4.7|41|47|54|21|25|29|16|22|32|".32"|".32"|0|0|0|0|0|0|1|3|5|0|0|0|10.6|12.5|14.4||||6.1|11.2|14|6.1|6.4|7.3||||||||||1|5.9|8.7|0|0|0||||||||||||||||||"26150230"|"78109047"
"Bg1"||"B"||1|30|33|35|43|46|51|10|13|18|0|0|0|0|0|0|100|100|100|100|100|100|96|99|100|89|94|97|5|8.3|15|0.1|0.3|0.4|0.4|0.5|0.5|0.8|0.9|1|1.6|2.6|4.3|1.7|4|9.2|48.5|53.7|57|20|20|22|30|33.7|35|30|38|40|0|0|0|2|4|6||||1.14|1.23|1.31||||1.31|1.4|1.42||1.41|7|14|0.15|0.16|0.17||||30.8|34.2|35.7|16.5|22.3|25.2|46|50|53|2.9|4.4|4.7|45|57|63|21|26|28|20|29|34|".24"|".24"|0|0|0|0|0|0|1|3|5|0|0|0|10.9|13.9|14.7||||2.5|11.1|14.3|4.5|6.5|6.5||||||||||5.8|7.3|19.4|0|0|0||||||||||||||||||"26150230"|"78109045"
"Bg2"||"B"||2|43|46|51|64|66|69|18|20|23|0|0|0|0|0|0|94|96|100|88|92|100|83|88|99|73|78|89|15|18.5|19|0.2|1.3|1.6|0.5|2|2.3|1.3|2.9|3.2|4.7|5.9|8.5|5.2|6.4|11.5|41|44|47|20|20|22|20|24|25|35|37.5|40|0|0|0|0.8|2.4|4||||1.26|1.31|1.36||||1.44|1.49|1.51||4.23|9|14.11|0.18|0.18|0.21||||30.6|33.1|36.7|18.9|22.5|27.1|37|41|46|3.5|4.1|4.7|42|52|58|21|25|28|14|21|29|".28"|".28"|0|0|0|0|0|0|1|3|5|0|0|0|12.4|13.6|14.6||||6.1|11.6|14.6|6.1|6.6|7.3||||||||||1.2|6|9.6|0|0|0||||||||||||||||||"26150230"|"78109046"
"H1"||"H"||1||0|||43|||||0|0|0|0|3|5|90|95|100|90|95|100|85|92.5|100|85|92.5|100||3|||0|||0|||0|||0.7|||2.3|||42||||||||50|55|60||0||1|2|3||||1.1|1.2|1.3||||1.28|1.38|1.43||4.23|9|14|0.13|0.14|0.15||||30.6|33.4|36.2|24.5|28.7|33.2|44|49|55|3|4.5|5.9|65|70|75|30|35|40|30|39|49|".17"|".17"|0|0|0|0|0|0||||0|0|0|32.7|38.2|42.8|||||||6.1|6.3|6.5|||||||||||||||||||||||||||||||||"26150110"|"78108697"
"H2"||"H"||2||43|||165|||||0|0|0|0|3|5|90|95|100|90|95|100|85|92.5|100|85|92.5|100||3|||0|||0|||0|||0.7|||2.3|||42||||||||50|55|60||0||0.75|1|2||||1.1|1.2|1.3||||1.28|1.38|1.43||4.23|9|14|0.13|0.14|0.15||||30.5|33|35.8|24.2|27.8|32.3|44|49|55|3|4.5|5.9|65|70|75|30|35|40|30|39|49|".17"|".17"|0|0|0|0|0|0||||0|0|0|31.7|35.3|40.9|||||||6.6|7|7.3|||||||||||||||||||||||||||||||||"26150110"|"78108698"
"Bg1"||"B"||1|30|33|35|43|46|51|10|13|18|0|0|0|0|0|0|100|100|100|100|100|100|96|99|100|91|94|100|5|8.3|15|0.1|0.3|0.4|0.4|0.5|0.5|0.8|0.9|1|1.6|2.6|4.3|1.7|4|9.2|48.5|53.7|57|20|20|22|30|33.7|35|30|38|40|0|0|0|2|4|6||||1.14|1.23|1.31||||1.31|1.4|1.42||1.41|7|14|0.15|0.16|0.17||||30.8|34.2|35.7|16.5|22.3|25.2|46|50|53|3.1|4.4|5|45|57|63|21|26|28|21|29|36|".17"|".17"|0|0|0|0|0|0|1|3|5|0|0|0|10.9|13.9|14.7||||2.5|11.1|14.3|4.5|6.5|6.5||||||||||5.8|7.3|19.4|0|0|0||||||||||||||||||"26150231"|"78109051"
"Bg2"||"B"||2|43|46|51|64|66|69|18|20|23|0|0|0|0|0|0|93|95|100|86|90|100|80|86|98|71|77|88|15|18.5|19|0.2|1.3|1.6|0.5|2|2.3|1.3|2.9|3.2|4.7|5.9|8.5|5.2|6.4|11.5|41|44|47|20|20|22|20|24|25|35|37.5|40|0|0|0|0.8|2.4|4||||1.26|1.31|1.36||||1.44|1.49|1.51||4.23|9|14.11|0.18|0.18|0.21||||30.6|33.1|36.7|18.9|22.5|27.1|37|41|46|3.5|4.1|4.7|42|52|58|21|25|28|14|20|29|".17"|".17"|0|0|0|0|0|0|1|3|5|0|0|0|12.4|13.6|14.6||||6.1|11.6|14.6|6.1|6.6|7.3||||||||||1.2|6|9.6|0|0|0||||||||||||||||||"26150231"|"78109052"
"Cg"||"C"|||64|66|69|91|91|152|25|25|61|0|0|0|0|0|0|93|95|100|86|90|100|84|88|100|79|83|97|8|10|15|0.1|0.7|0.9|0.4|1.1|1.3|1|1.6|1.7|2.5|3.2|4.3|2.7|3.4|9.2|52|55|56|20|20|22|30|35|35|30|35|40|0|0|0|0.5|1.25|2||||1.37|1.4|1.42||||1.54|1.57|1.62||4.23|9|14.11|0.19|0.2|0.21||||29.1|32|35.9|16.5|20.5|25.5|36|40|46|2.9|3.6|4.7|41|47|54|21|25|29|16|21|32|".17"|".17"|0|0|0|0|0|0|1|3|5|0|0|0|10.6|12.5|14.4||||6.1|11.2|14|6.1|6.4|7.3||||||||||1|5.9|8.7|0|0|0||||||||||||||||||"26150231"|"78109053"
"Apg"||"A"|||0|0|0|10|15|15|10|15|15|0|0|0|0|0|0|94|96|100|88|92|100|87|92|100|79|91|100|5|8|15|0.2|0.3|0.5|0.3|0.5|0.9|0.6|0.9|1.7|1.6|2.5|4.7|2.3|3.8|7.2|40|46|55|20|20|22|22|26|35|40|46|50|0|0|0|5|8|10||||1.18|1.23|1.31||||1.41|1.46|1.51||1.41|7|14|0.19|0.19|0.21||||30.2|33.5|36.4|23.1|28.8|33.5|45|48|52|4.6|5.6|6.7|58|72|85|28|35|42|24|39|55|".17"|".17"|0|0|0|0|0|0|1|3|5|0|0|0||||6.7|7.9|8.8|1.6|2.5|7.1|4.5|4.8|6.5||||||||||16.3|25.8|31|0|1.5|3||||||||||||||||||"26150231"|"78109048"
"Ag1"||"A"||1|10|15|15|23|25|28|8|10|13|0|0|0|0|0|0|100|100|100|100|100|100|96|99|100|91|94|100|5|8|15|0.2|0.3|0.5|0.3|0.5|0.9|0.6|0.9|1.7|1.6|2.5|4.7|2.3|3.8|7.2|40|46|55|20|20|22|22|26|35|40|46|50|0|0|0|2|4|6||||1.13|1.27|1.4||||1.24|1.38|1.51||1.41|7|14|0.15|0.16|0.17||||31|33.6|35.5|22.6|27.6|31.5|41|49|56|2.3|2.8|3.3|53|67|80|28|36|43|29|40|54|".17"|".17"|0|0|0|0|0|0|1|3|5|0|0|0||||6.9|8.2|9.3|2|4.5|6|4.5|5.2|6.5||||||||||11.1|18|24|0|1.5|3||||||||||||||||||"26150231"|"78109049"
"Ag2"||"A"||2|23|25|28|30|33|35|5|8|10|0|0|0|0|0|0|100|100|100|100|100|100|96|99|100|91|94|100|5|8|15|0.2|0.3|0.5|0.3|0.5|0.9|0.6|0.9|1.7|1.6|2.5|4.7|2.3|3.8|7.2|40|46|55|20|20|22|22|26|35|40|46|50|0|0|0|2|4|6||||1.13|1.27|1.4||||1.24|1.38|1.51||1.41|7|14|0.15|0.16|0.17||||31|33.6|35.5|22.6|27.6|31.5|41|49|56|2.3|2.8|3.3|53|67|80|28|36|43|29|40|54|".17"|".17"|0|0|0|0|0|0|1|3|5|0|0|0||||6.9|8.2|9.3|2|4.5|6|4.5|5.2|6.5||||||||||11.1|18|24|0|1.5|3||||||||||||||||||"26150231"|"78109050"
"Apg"||"A"|||0|0|0|10|15|15|10|15|15|0|0|0|0|0|0|94|96|100|88|92|100|87|92|100|79|91|100|5|8|15|0.2|0.3|0.5|0.3|0.5|0.9|0.6|0.9|1.7|1.6|2.5|4.7|2.3|3.8|7.2|40|46|55|20|20|22|22|26|35|40|46|50|0|0|0|5|8|10||||1.18|1.23|1.31||||1.41|1.46|1.51||1.41|7|14|0.19|0.19|0.21||||30.2|33.5|36.4|23.1|28.8|33.5|45|48|52|4.6|5.6|6.7|58|72|85|28|35|42|24|39|55|".17"|".17"|0|0|0|0|0|0|1|3|5|0|0|0||||6.7|7.9|8.8|1.6|2.5|7.1|4.5|4.8|6.5||||||||||16.3|25.8|31|0|1.5|3||||||||||||||||||"26150232"|"78109054"
"Ag1"||"A"||1|10|15|15|23|25|28|8|10|13|0|0|0|0|0|0|100|100|100|100|100|100|96|99|100|91|94|100|5|8|15|0.2|0.3|0.5|0.3|0.5|0.9|0.6|0.9|1.7|1.6|2.5|4.7|2.3|3.8|7.2|40|46|55|20|20|22|22|26|35|40|46|50|0|0|0|2|4|6||||1.13|1.27|1.4||||1.24|1.38|1.51||1.41|7|14|0.15|0.16|0.17||||31|33.6|35.5|22.6|27.6|31.5|41|49|56|2.3|2.8|3.3|53|67|80|28|36|43|29|40|54|".17"|".17"|0|0|0|0|0|0|1|3|5|0|0|0||||6.9|8.2|9.3|2|4.5|6|4.5|5.2|6.5||||||||||11.1|18|24|0|1.5|3||||||||||||||||||"26150232"|"78109055"
"Ag2"||"A"||2|23|25|28|30|33|35|5|8|10|0|0|0|0|0|0|100|100|100|100|100|100|96|99|100|91|94|100|5|8|15|0.2|0.3|0.5|0.3|0.5|0.9|0.6|0.9|1.7|1.6|2.5|4.7|2.3|3.8|7.2|40|46|55|20|20|22|22|26|35|40|46|50|0|0|0|2|4|6||||1.13|1.27|1.4||||1.24|1.38|1.51||1.41|7|14|0.15|0.16|0.17||||31|33.6|35.5|22.6|27.6|31.5|41|49|56|2.3|2.8|3.3|53|67|80|28|36|43|29|40|54|".17"|".17"|0|0|0|0|0|0|1|3|5|0|0|0||||6.9|8.2|9.3|2|4.5|6|4.5|5.2|6.5||||||||||11.1|18|24|0|1.5|3||||||||||||||||||"26150232"|"78109056"
"Cg"||"C"|||64|66|69|91|91|152|25|25|61|0|0|0|0|0|0|93|95|100|86|90|100|84|88|100|79|83|97|8|10|15|0.1|0.7|0.9|0.4|1.1|1.3|1|1.6|1.7|2.5|3.2|4.3|2.7|3.4|9.2|52|55|56|20|20|22|30|35|35|30|35|40|0|0|0|0.5|1.25|2||||1.37|1.4|1.42||||1.54|1.57|1.62||4.23|9|14.11|0.19|0.2|0.21||||29.1|32|35.9|16.5|20.5|25.5|36|40|46|2.9|3.6|4.7|41|47|54|21|25|29|16|21|32|".17"|".17"|0|0|0|0|0|0|1|3|5|0|0|0|10.6|12.5|14.4||||6.1|11.2|14|6.1|6.4|7.3||||||||||1|5.9|8.7|0|0|0||||||||||||||||||"26150232"|"78109059"
"Bg1"||"B"||1|30|33|35|43|46|51|10|13|18|0|0|0|0|0|0|100|100|100|100|100|100|96|99|100|91|94|100|5|8.3|15|0.1|0.3|0.4|0.4|0.5|0.5|0.8|0.9|1|1.6|2.6|4.3|1.7|4|9.2|48.5|53.7|57|20|20|22|30|33.7|35|30|38|40|0|0|0|2|4|6||||1.14|1.23|1.31||||1.31|1.4|1.42||1.41|7|14|0.15|0.16|0.17||||30.8|34.2|35.7|16.5|22.3|25.2|46|50|53|3.1|4.4|5|45|57|63|21|26|28|21|29|36|".17"|".17"|0|0|0|0|0|0|1|3|5|0|0|0|10.9|13.9|14.7||||2.5|11.1|14.3|4.5|6.5|6.5||||||||||5.8|7.3|19.4|0|0|0||||||||||||||||||"26150232"|"78109057"
"Bg2"||"B"||2|43|46|51|64|66|69|18|20|23|0|0|0|0|0|0|93|95|100|86|90|100|80|86|98|71|77|88|15|18.5|19|0.2|1.3|1.6|0.5|2|2.3|1.3|2.9|3.2|4.7|5.9|8.5|5.2|6.4|11.5|41|44|47|20|20|22|20|24|25|35|37.5|40|0|0|0|0.8|2.4|4||||1.26|1.31|1.36||||1.44|1.49|1.51||4.23|9|14.11|0.18|0.18|0.21||||30.6|33.1|36.7|18.9|22.5|27.1|37|41|46|3.5|4.1|4.7|42|52|58|21|25|28|14|20|29|".17"|".17"|0|0|0|0|0|0|1|3|5|0|0|0|12.4|13.6|14.6||||6.1|11.6|14.6|6.1|6.6|7.3||||||||||1.2|6|9.6|0|0|0||||||||||||||||||"26150232"|"78109058"
"Cg"||"C"|||64|66|69|91|91|152|25|25|61|0|0|0|0|0|0|93|95|100|86|90|100|84|88|100|79|83|97|8|10|15|0.1|0.7|0.9|0.4|1.1|1.3|1|1.6|1.7|2.5|3.2|4.3|2.7|3.4|9.2|52|55|56|20|20|22|30|35|35|30|35|40|0|0|0|0.5|1.25|2||||1.37|1.4|1.42||||1.54|1.57|1.62||4.23|9|14.11|0.19|0.2|0.21||||29.1|32|35.9|16.5|20.5|25.5|36|40|46|2.9|3.6|4.7|41|47|54|21|25|29|16|21|32|".32"|".32"|0|0|0|0|0|0|1|3|5|0|0|0|10.6|12.5|14.4||||6.1|11.2|14|6.1|6.4|7.3||||||||||1|5.9|8.7|0|0|0||||||||||||||||||"26150233"|"78109065"
"Ag1"||"A"||1|10|15|15|23|25|28|8|10|13|0|0|0|0|0|0|100|100|100|100|100|100|96|99|100|91|94|100|5|8|15|0.2|0.3|0.5|0.3|0.5|0.9|0.6|0.9|1.7|1.6|2.5|4.7|2.3|3.8|7.2|40|46|55|20|20|22|22|26|35|40|46|50|0|0|0|2|4|6||||1.13|1.27|1.4||||1.24|1.38|1.51||1.41|7|14|0.15|0.16|0.17||||31|33.6|35.5|22.6|27.6|31.5|41|49|56|2.3|2.8|3.3|53|67|80|28|36|43|29|40|54|".20"|".20"|0|0|0|0|0|0|1|3|5|0|0|0||||6.9|8.2|9.3|2|4.5|6|4.5|5.2|6.5||||||||||11.1|18|24|0|1.5|3||||||||||||||||||"26150233"|"78109061"
"Ag2"||"A"||2|23|25|28|30|33|35|5|8|10|0|0|0|0|0|0|100|100|100|100|100|100|96|99|100|91|94|100|5|8|15|0.2|0.3|0.5|0.3|0.5|0.9|0.6|0.9|1.7|1.6|2.5|4.7|2.3|3.8|7.2|40|46|55|20|20|22|22|26|35|40|46|50|0|0|0|2|4|6||||1.13|1.27|1.4||||1.24|1.38|1.51||1.41|7|14|0.15|0.16|0.17||||31|33.6|35.5|22.6|27.6|31.5|41|49|56|2.3|2.8|3.3|53|67|80|28|36|43|29|40|54|".20"|".20"|0|0|0|0|0|0|1|3|5|0|0|0||||6.9|8.2|9.3|2|4.5|6|4.5|5.2|6.5||||||||||11.1|18|24|0|1.5|3||||||||||||||||||"26150233"|"78109062"
"Apg"||"A"|||0|0|0|10|15|15|10|15|15|0|0|0|0|0|0|94|96|100|88|92|100|87|92|100|79|91|100|5|8|15|0.2|0.3|0.5|0.3|0.5|0.9|0.6|0.9|1.7|1.6|2.5|4.7|2.3|3.8|7.2|40|46|55|20|20|22|22|26|35|40|46|50|0|0|0|5|8|10||||1.18|1.23|1.31||||1.41|1.46|1.51||1.41|7|14|0.19|0.19|0.21||||30.2|33.5|36.4|23.1|28.8|33.5|45|48|52|4.6|5.6|6.7|58|72|85|28|35|42|24|39|55|".17"|".17"|0|0|0|0|0|0|1|3|5|0|0|0||||6.7|7.9|8.8|1.6|2.5|7.1|4.5|4.8|6.5||||||||||16.3|25.8|31|0|1.5|3||||||||||||||||||"26150233"|"78109060"
"Bg2"||"B"||2|43|46|51|64|66|69|18|20|23|0|0|0|0|0|0|93|95|100|86|90|100|80|86|98|71|77|88|15|18.5|19|0.2|1.3|1.6|0.5|2|2.3|1.3|2.9|3.2|4.7|5.9|8.5|5.2|6.4|11.5|41|44|47|20|20|22|20|24|25|35|37.5|40|0|0|0|0.8|2.4|4||||1.26|1.31|1.36||||1.44|1.49|1.51||4.23|9|14.11|0.18|0.18|0.21||||30.6|33.1|36.7|18.9|22.5|27.1|37|41|46|3.5|4.1|4.7|42|52|58|21|25|28|14|20|29|".28"|".28"|0|0|0|0|0|0|1|3|5|0|0|0|12.4|13.6|14.6||||6.1|11.6|14.6|6.1|6.6|7.3||||||||||1.2|6|9.6|0|0|0||||||||||||||||||"26150233"|"78109064"
"Bg1"||"B"||1|30|33|35|43|46|51|10|13|18|0|0|0|0|0|0|100|100|100|100|100|100|96|99|100|91|94|100|5|8.3|15|0.1|0.3|0.4|0.4|0.5|0.5|0.8|0.9|1|1.6|2.6|4.3|1.7|4|9.2|48.5|53.7|57|20|20|22|30|33.7|35|30|38|40|0|0|0|2|4|6||||1.14|1.23|1.31||||1.31|1.4|1.42||1.41|7|14|0.15|0.16|0.17||||30.8|34.2|35.7|16.5|22.3|25.2|46|50|53|3.1|4.4|5|45|57|63|21|26|28|21|29|36|".24"|".24"|0|0|0|0|0|0|1|3|5|0|0|0|10.9|13.9|14.7||||2.5|11.1|14.3|4.5|6.5|6.5||||||||||5.8|7.3|19.4|0|0|0||||||||||||||||||"26150233"|"78109063"
"Bg1"||"B"||1|30|33|35|43|46|51|10|13|18|0|0|0|0|0|0|100|100|100|100|100|100|96|99|100|89|94|97|5|8.3|15|0.1|0.3|0.4|0.4|0.5|0.5|0.8|0.9|1|1.6|2.6|4.3|1.7|4|9.2|48.5|53.7|57|20|20|22|30|33.7|35|30|38|40|0|0|0|0.8|2.4|4||||1.14|1.23|1.31||||1.31|1.4|1.42||1.41|7|14|0.15|0.16|0.17||||30.8|34.2|35.7|16.5|22.3|25.2|46|50|53|3.1|4.4|5|45|57|63|21|26|28|21|29|36|".28"|".28"|0|0|0|0|0|0|1|3|5|0|0|0|10.7|13.8|14.6||||2.5|11.1|14.3|4.5|6.5|6.5||||||||||5.4|6.6|18.6|0|0|0||||||||||||||||||"26150234"|"78109069"
"Bg2"||"B"||2|43|46|51|64|66|69|18|20|23|0|0|0|0|0|0|94|96|100|88|92|100|83|88|99|73|78|89|15|18.5|19|0.2|1.3|1.6|0.5|2|2.3|1.3|2.9|3.2|4.7|5.9|8.5|5.2|6.4|11.5|41|44|47|20|20|22|20|24|25|35|37.5|40|0|0|0|0.8|2.4|4||||1.26|1.31|1.36||||1.44|1.49|1.51||4.23|9|14.11|0.18|0.18|0.21||||30.6|33.1|36.7|18.9|22.5|27.1|37|41|46|3.5|4.1|4.7|42|52|58|21|25|28|14|20|29|".28"|".28"|0|0|0|0|0|0|1|3|5|0|0|0|12.4|13.6|14.6||||6.1|11.6|14.6|6.1|6.6|7.3||||||||||1.2|6|9.6|0|0|0||||||||||||||||||"26150234"|"78109070"
"Ag1"||"A"||1|10|15|15|23|25|28|8|10|13|0|0|0|0|0|0|100|100|100|100|100|100|96|99|100|90|94|100|5|8|15|0.2|0.3|0.5|0.3|0.5|0.9|0.6|0.9|1.7|1.6|2.5|4.7|2.3|3.8|7.2|40|46|55|20|20|22|22|26|35|40|46|50|0|0|0|2|4|6||||1.13|1.27|1.4||||1.24|1.38|1.51||1.41|7|14|0.15|0.16|0.17||||31|33.6|35.5|22.6|27.6|31.5|41|49|56|2.3|2.8|3.3|53|67|80|28|36|43|29|40|54|".20"|".20"|0|0|0|0|0|0|1|3|5|0|0|0||||6.9|8.2|9.3|2|4.5|6|4.5|5.2|6.5||||||||||11.1|18|24|0|1.5|3||||||||||||||||||"26150234"|"78109067"
"Ag2"||"A"||2|23|25|28|30|33|35|5|8|10|0|0|0|0|0|0|100|100|100|100|100|100|96|99|100|90|94|100|5|8|15|0.2|0.3|0.5|0.3|0.5|0.9|0.6|0.9|1.7|1.6|2.5|4.7|2.3|3.8|7.2|40|46|55|20|20|22|22|26|35|40|46|50|0|0|0|2|4|6||||1.13|1.27|1.4||||1.24|1.38|1.51||1.41|7|14|0.15|0.16|0.17||||31|33.6|35.5|22.6|27.6|31.5|41|49|56|2.3|2.8|3.3|53|67|80|28|36|43|29|40|54|".20"|".20"|0|0|0|0|0|0|1|3|5|0|0|0||||6.9|8.2|9.3|2|4.5|6|4.5|5.2|6.5||||||||||11.1|18|24|0|1.5|3||||||||||||||||||"26150234"|"78109068"
"Apg"||"A"|||0|0|0|10|15|15|10|15|15|0|0|0|0|0|0|94|96|100|88|92|100|84|91|100|79|86|100|5|8|15|0.2|0.3|0.5|0.3|0.5|0.9|0.6|0.9|1.7|1.6|2.5|4.7|2.3|3.8|7.2|40|46|55|20|20|22|22|26|35|40|46|50|0|0|0|3|4.5|6||||1.18|1.23|1.31||||1.41|1.46|1.51||1.41|7|14|0.19|0.19|0.21||||30.2|33.5|36.4|23.1|28.8|33.5|45|48|52|2.1|2.6|3.2|58|72|85|28|35|42|24|39|55|".17"|".17"|0|0|0|0|0|0|1|3|5|0|0|0||||6.9|8.1|9.1|1.6|2.5|7.1|4.5|4.8|6.5||||||||||12.8|19.6|23.9|0|1.5|3||||||||||||||||||"26150234"|"78109066"
"Cg"||"C"|||64|66|69|91|91|152|25|25|61|0|0|0|0|0|0|95|96|100|89|93|100|85|91|100|79|85|96|8|10|15|0.1|0.7|0.9|0.4|1.1|1.3|1|1.6|1.7|2.5|3.2|4.3|2.7|3.4|9.2|52|55|56|20|20|22|30|35|35|30|35|40|0|0|0|0.5|1.25|2||||1.37|1.4|1.42||||1.54|1.57|1.62||4.23|9|14.11|0.19|0.2|0.21||||29.1|32|35.9|16.5|20.5|25.5|36|40|46|2.9|3.6|4.7|41|47|54|21|25|29|16|21|32|".32"|".32"|0|0|0|0|0|0|1|3|5|0|0|0|10.6|12.5|14.4||||6.1|11.2|14|6.1|6.4|7.3||||||||||1|5.9|8.7|0|0|0||||||||||||||||||"26150234"|"78109071"
"Apg"||"A"|||0|0|0|30|33|35|30|33|35|26|29|31|0|4|5|88|94|98|68|81|93|67|81|93|66|81|93|1|1|5|0|0|0|0|0|0|0|0|0.1|0.1|0.1|1.1|0.2|0.9|3.8|40|41.5|45|||||||54|57.5|59|0|0|0|3|4.5|6||||0.7|0.9|1.1||||0.85|1.05|1.1|2.61|1.41|7|14|0.14|0.15|0.16||||25.6|28.4|31.3|20.2|23.4|26.9|39|48|58|2.6|3.1|3.6|65|70|75|20|25|30|15|26|37|".05"|".10"|0|0|0|0|0|0|1|3|5|0|0|0||||9.5|10.3|10.8|2|6.4|8.1|4.5|5.5|6.5||||||||||15.5|20.8|25.9|0|3.9|7.7||||||||||||||||||"26150235"|"78109072"
"Bg2"||"B"||2|43|46|51|64|66|69|18|20|23|0|0|0|0|0|0|94|96|100|88|92|100|83|88|99|73|78|89|15|18.5|19|0.2|1.3|1.6|0.5|2|2.3|1.3|2.9|3.2|4.7|5.9|8.5|5.2|6.4|11.5|41|44|47|||||||35|37.5|40|0|0|0|0.8|2.4|4||||1.26|1.31|1.36||||1.44|1.49|1.51|2.63|4.23|9|14.11|0.18|0.18|0.21||||30.1|32.4|35.8|17.8|21.2|25.4|41|44|48|3.5|4.1|4.7|42|52|58|21|25|28|14|21|29|".28"|".28"|0|0|0|0|0|0|1|3|5|0|0|0|12.4|13.6|14.6||||7.6|12.2|14.6|6.1|6.6|7.3||||||||||1.2|6|9.6|0|0.2|0.4||||||||||||||||||"26150235"|"78109074"
"Bg1"||"B"||1|30|33|35|43|46|51|10|13|18|0|0|0|0|0|0|100|100|100|100|100|100|95|98|100|89|94|97|5|8|15|0.1|0.6|0.7|0.4|0.9|1|0.8|1.3|1.4|1.6|2.5|4.3|1.7|2.7|9.2|48.5|54|57|||||||30|38|40|0|0|0|0.8|2.4|4||||1.14|1.23|1.31||||1.31|1.4|1.42|2.63|1.41|7|14|0.15|0.16|0.17||||30.2|33.6|35|15.6|21.2|23.8|47|49|53|2.9|4.3|4.7|45|57|63|21|26|28|20|29|34|".28"|".28"|0|0|0|0|0|0|1|3|5|0|0|0|10.7|13.8|14.6||||1.7|11|13.9|4.5|6.5|6.5||||||||||4.4|6.6|17.6|0|0.2|7.7||||||||||||||||||"26150235"|"78109073"
"Cg"||"C"|||64|66|69|91|91|152|25|25|61|0|0|0|0|0|0|95|96|100|89|93|100|87|92|100|80|87|96|8|10|15|0.1|0.1|0.6|0.1|0.2|0.9|0.6|0.7|1.3|2.5|2.9|4.3|2.7|6.1|9.2|52|55|56|||||||30|35|40|0|0|0|0.5|1.25|2||||1.37|1.4|1.42||||1.54|1.57|1.62|2.65|4.23|9|14.11|0.19|0.2|0.21||||28.9|31.7|35.5|16|19.9|24.8|40|42|45|2.7|3.6|4.7|41|47|54|21|25|29|16|23|32|".37"|".37"|0|0|0|0|0|0|1|3|5|0|0|0|10.6|12.5|14.4||||5.4|9|14.4|6.1|6.4|7.3||||||||||0.2|5.9|8.7|0|0.2|0.4||||||||||||||||||"26150235"|"78109075"
"Cg"||"C"|||64|66|69|91|91|152|25|25|61|0|0|0|0|0|0|95|96|100|89|93|100|87|92|100|80|87|96|8|10|15|0.1|0.1|0.6|0.1|0.2|0.9|0.6|0.7|1.3|2.5|2.9|4.3|2.7|6.1|9.2|52|55|56|||||||30|35|40|0|0|0|0.5|1.25|2||||1.37|1.4|1.42||||1.54|1.57|1.62|2.65|4.23|9|14.11|0.19|0.2|0.21||||29.1|32|35.9|16.5|20.5|25.5|36|40|46|2.7|3.6|4.7|41|47|54|21|25|29|16|23|32|".37"|".37"|0|0|0|0|0|0|1|3|5|0|0|0|10.6|12.5|14.4||||5.4|9|14.4|6.1|6.4|7.3||||||||||0.2|5.9|8.7|0|0.2|0.4||||||||||||||||||"26150236"|"78109079"
"Bg2"||"B"||2|43|46|51|64|66|69|18|20|23|0|0|0|0|0|0|94|96|100|88|92|100|83|88|99|73|78|89|15|18.5|19|0.2|1.3|1.6|0.5|2|2.3|1.3|2.9|3.2|4.7|5.9|8.5|5.2|6.4|11.5|41|44|47|||||||35|37.5|40|0|0|0|0.8|2.4|4||||1.26|1.31|1.36||||1.44|1.49|1.51|2.63|4.23|9|14.11|0.18|0.18|0.21||||30.6|33.1|36.7|18.9|22.5|27.1|37|41|46|3.5|4.1|4.7|42|52|58|21|25|28|14|21|29|".28"|".28"|0|0|0|0|0|0|1|3|5|0|0|0|12.4|13.6|14.6||||7.6|12.2|14.6|6.1|6.6|7.3||||||||||1.2|6|9.6|0|0.2|0.4||||||||||||||||||"26150236"|"78109078"
"Bg1"||"B"||1|30|33|35|43|46|51|10|13|18|0|0|0|0|0|0|100|100|100|100|100|100|95|98|100|89|94|97|5|8|15|0.1|0.6|0.7|0.4|0.9|1|0.8|1|1|1.6|2.3|4.3|1.7|3.2|9.2|48|54|57|||||||30|38|40|0|0|0|2|4|6||||1.14|1.23|1.31||||1.31|1.4|1.42|2.61|1.41|7|14|0.15|0.16|0.17||||30.8|34.2|35.7|16.5|22.3|25.2|46|50|53|2.9|4.4|4.7|45|57|63|21|26|28|20|29|34|".24"|".24"|0|0|0|0|0|0|1|3|5|0|0|0|10.9|13.9|14.7||||2.2|12.5|13.2|4.5|6.5|6.5||||||||||5|7.3|18.5|0|0.1|7.1||||||||||||||||||"26150236"|"78109077"
"Apg"||"A"|||0|0|0|30|33|35|30|33|35|26|29|31|0|4|5|88|94|98|68|81|93|67|81|93|66|81|93|1|1|5|0|0|0|0|0|0|0|0|0.1|0.1|0.1|1.1|0.2|0.9|3.8|40|41.5|45|||||||54|57.5|59|0|0|0|3|4.5|6||||0.7|0.9|1.1||||0.85|1.05|1.1|2.61|4.23|9|14|0.14|0.15|0.16||||25.6|28.4|31.3|20.2|23.4|26.9|39|48|58|2.6|3.1|3.6|65|70|75|20|25|30|15|26|37|".05"|".10"|0|0|0|0|0|0|1|3|5|0|0|0||||9.5|10.3|10.8|2|6.4|8.1|4.5|5.5|6.5||||||||||15.5|20.8|25.9|0|3.9|7.7||||||||||||||||||"26150236"|"78109076"
"AC"||"AC"|||0|0|0|10|33|50||33||0|0|0|0|0|0|85|92|100|84|92|100|59|65|77|5|6|13|88|93.3|94|6.5|7|7.5|11|12.8|13|33|36.1|42|33|36.8|38|0.5|0.6|0.7|0|4.5|11|0.4|0.5|0.6|0.9|4|4.1|1|2.2|8|0|0|0|0.5|0.75|1||||1.55|1.58|1.6||||1.62|1.65|1.73||42.34|92|141|0.04|0.05|0.05|10.1|12.5|16.9|6.2|8.6|13.8|1.3|2.6|7.1|33|36|39|0|0.1|0.8|0|7|14|0|0|0|0|0|0|".10"|".10"|90|95|99|0|0|0|0|0|0|0|0|0|1|2.1|6.7||||39.7|40.8|45.4|6.6|7|7.3||||||||||0|0.8|2.4|||||||||||||||||||||"26150201"|"78108925"
"C2"||"C"||2|50|56|80|140|152|200||96||0|0|0|0|0|0|84|84|100|84|84|100|58|59|75|4|5|10|77|94.1|95|1.1|6.9|7.3|12|12.9|13|9|36.5|43|21|37.1|38|0.5|0.7|0.8|0|3.6|17|0.5|0.6|0.7|0.8|3|3.1|1|2.3|6|0|0|0|0|0.1|0.5||||1.4|1.5|1.6||||1.47|1.57|1.64||42.34|92|141|0.04|0.06|0.08|8.2|10.5|15.2|4.4|6.6|11.5|0.6|1.5|4.7|34|37|45|0|0.1|0.5|0|7|14|0|0|0|0|0|0|".10"|".10"|90|95|99|0|0|0|0|0|0|0|0|0|0.4|1.3|4.4||||39.1|40|43.1|6.6|7.5|8.4||||||||||0|0|1.6|||||||||||||||||||||"26150201"|"78108924"
"C1"||"C"||1|10|33|50|50|56|80||23||0|0|0|0|0|0|84|84|100|84|84|100|58|59|75|4|5|10|77|94.1|95|1.1|6.9|7.3|12|12.9|13|9|36.5|43|21|37.1|38|0.5|0.7|0.8|0|3.6|17|0.5|0.6|0.7|0.8|3|3.1|1|2.3|6|0|0|0|0|0.1|0.5||||1.4|1.5|1.6||||1.47|1.57|1.64||42.34|92|141|0.04|0.06|0.08|8.2|10.5|15.2|4.4|6.6|11.5|0.6|1.5|4.7|34|37|45|0|0.1|0.5|0|7|14|0|0|0|0|0|0|".10"|".10"|90|95|99|0|0|0|0|0|0|0|0|0|0.4|1.3|4.4||||39.1|40|43.1|6.6|7.5|8.4||||||||||0|0|1.6|||||||||||||||||||||"26150201"|"78108926"
"H1"||"H"||1||0|||25|||||0|3|5|0|3|5|95|97.5|100|90|92.5|95|85|87.5|90|70|77.5|85||10.4|||0.9|||1.3|||1.7|||3.2|||3.3|||24.6||||||||60|65|70||0||1|2|3||||1.2|1.3|1.4||||1.54|1.64|1.71||0.42|2.3|4.23|0.12|0.13|0.14||||38.4|40.6|43.3|29.2|33.6|38.6|39|44|50|6|7.5|8.9|60|65|70|40|45|50|27|35|45|".28"|".28"|0|0|0|||||||0|0|0|44.8|49.9|54.5|||||||6.6|7|7.3|||||||||||||||||||||||||||||||||"26150117"|"78108711"
"H3"||"H"||3||94|||137|||||10|18|25|5|13|20|90|92.5|95|85|87.5|90|80|82.5|85|65|72.5|80||10.4|||0.9|||1.3|||1.7|||3.2|||3.3|||24.6||||||||60|65|70||0||0.1|0.2|0.3||||1.2|1.3|1.4||||1.63|1.73|1.81||0.01|0.7|1.41|0.11|0.12|0.13||||27.5|33|38.6|20.3|26|32.2|29|37|45|6|7.5|8.9|60|65|70|40|45|50|24|32|41|".17"|".28"|0|0|0|||||||0|0|0|39.1|43.6|47.6|||||||6.6|7|7.3|||||||||||||||||||||||||||||||||"26150117"|"78108713"
"H2"||"H"||2||25|||94|||||10|18|25|5|13|20|95|97.5|100|90|92.5|95|85|87.5|90|70|77.5|85||10.4|||0.9|||1.3|||1.7|||3.2|||3.3|||24.6||||||||60|65|70||0||0.5|0.75|1||||1.2|1.3|1.4||||1.61|1.71|1.8||0.01|0.7|1.41|0.11|0.12|0.13||||28.5|34.1|39.8|21.3|27.3|33.8|30|37|46|6|7.5|8.9|60|65|70|40|45|50|27|35|45|".17"|".28"|0|0|0|||||||0|0|0|43|47.1|51.1|||||||6.6|7|7.3|||||||||||||||||||||||||||||||||"26150117"|"78108712"
"ACg"||"AC"|||20|25|30|70|94|99|50|69|76|11|16|21|5|11|16|95|98|99|82|91|95|78|89|95|73|83|93|5|10|20|0.5|0.9|1.8|0.6|0.9|2.4|0.8|1.3|3.3|1.5|3.2|6.1|1.6|3.7|6.4|20|25|35|||||||60|65|70|0|0|0|0.5|0.75|1||||1.16|1.22|1.27||||1.72|1.78|1.91||0.01|0.7|1.41|0.11|0.12|0.13||||31.1|36.7|41.3|21.8|27.5|32.9|34|41|47|8.2|10.9|13.1|60|65|70|40|45|50|29|39|52|".17"|".28"|1|2|3|0|0|1|13|14|25|2|3|4|43|47.1|51.1||||40.2|43.8|47.8|6.6|7|7.3||||||||||3.8|5.2|7|||||||||||||||||||||"26150238"|"78109084"
"C"||"C"|||70|94|99|120|137|140|25|43|50|10|16|21|5|11|16|88|91|94|76|84|92|72|82|92|67|77|90|5|10|20|0.5|0.9|1.8|0.6|0.9|2.4|0.8|1.3|3.3|1.5|3.2|6.1|1.6|3.7|6.4|20|25|35|||||||60|65|70|0|0|0|0.1|0.2|0.3||||1.27|1.31|1.35||||1.8|1.85|1.89||0.01|0.7|1.41|0.09|0.11|0.13||||27.7|33.1|38.8|20.6|26.3|32.7|30|37|43|7.5|9.9|12.6|60|65|70|40|45|50|25|35|49|".17"|".28"|1|3|5|0|0|1|13|31|50|2|4|8|39.1|43.6|47.6||||37.1|40.8|44.6|6.6|7|7.3||||||||||3.4|4.8|6.5|||||||||||||||||||||"26150238"|"78109085"
"Ap"||"A"|||0|0|0|20|25|30|20|25|30|11|16|21|5|11|16|95|98|99|82|91|95|78|89|95|73|83|93|5|10|20|0.5|0.9|1.8|0.6|0.9|2.4|0.8|1.3|3.3|1.5|3.2|6.1|1.6|3.7|6.4|20|25|35|||||||60|65|70|0|0|0|1|2|3||||1.11|1.16|1.2||||1.65|1.7|1.83||0.42|2.3|4.23|0.11|0.12|0.13||||32.3|38|42.5|21.9|28|33.7|36|42|48|8.4|11.2|13.5|60|65|70|40|45|50|29|39|52|".17"|".28"|1|2|2|0|0|0|2|10|19|2|3|4|44.8|49.9|54.5||||39.9|48.2|51.7|6.6|7|7.3||||||||||4.2|6|8.1|||||||||||||||||||||"26150238"|"78109083"
"C"||"C"|||70|94|99|120|137|140|25|43|50|10|16|21|5|11|16|88|91|94|76|84|92|72|82|92|67|77|90|5|10|20|0.5|0.9|1.8|0.6|0.9|2.4|0.8|1.3|3.3|1.5|3.2|6.1|1.6|3.7|6.4|20|25|35|||||||60|65|70|0|0|0|0.1|0.2|0.3||||1.27|1.31|1.35||||1.8|1.85|1.89||0.01|0.7|1.41|0.09|0.11|0.13||||27.7|33.1|38.8|20.6|26.3|32.7|30|37|43|7.5|9.9|12.6|60|65|70|40|45|50|25|35|49|".17"|".28"|1|3|5|0|0|1|13|31|50|2|4|8|39.1|43.6|47.6||||37.1|40.8|44.6|6.6|7|7.3||||||||||3.4|4.8|6.5|||||||||||||||||||||"26150239"|"78109088"
"Ap"||"A"|||0|0|0|20|25|30|20|25|30|11|16|21|5|11|16|95|98|99|82|91|95|78|89|95|73|83|93|5|10|20|0.5|0.9|1.8|0.6|0.9|2.4|0.8|1.3|3.3|1.5|3.2|6.1|1.6|3.7|6.4|20|25|35|||||||60|65|70|0|0|0|1|2|3||||1.11|1.16|1.2||||1.65|1.7|1.83||0.42|2.3|4.23|0.11|0.12|0.13||||32.3|38|42.5|21.9|28|33.7|36|42|48|8.4|11.2|13.5|60|65|70|40|45|50|29|39|52|".17"|".28"|1|2|2|0|0|0|2|10|19|2|3|4|44.8|49.9|54.5||||39.9|48.2|51.7|6.6|7|7.3||||||||||4.2|6|8.1|||||||||||||||||||||"26150239"|"78109086"
"ACg"||"AC"|||20|25|30|70|94|99|50|69|76|11|16|21|5|11|16|95|98|99|82|91|95|78|89|95|73|83|93|5|10|20|0.5|0.9|1.8|0.6|0.9|2.4|0.8|1.3|3.3|1.5|3.2|6.1|1.6|3.7|6.4|20|25|35|||||||60|65|70|0|0|0|0.5|0.75|1||||1.16|1.22|1.27||||1.72|1.78|1.91||0.01|0.7|1.41|0.11|0.12|0.13||||31.1|36.7|41.3|21.8|27.5|32.9|34|41|47|8.2|10.9|13.1|60|65|70|40|45|50|29|39|52|".17"|".28"|1|2|3|0|0|1|13|14|25|2|3|4|43|47.1|51.1||||40.2|43.8|47.8|6.6|7|7.3||||||||||3.8|5.2|7|||||||||||||||||||||"26150239"|"78109087"
"ACg"||"AC"|||20|25|30|70|94|99|50|69|76|11|17|22|5|12|17|95|97|99|82|90|95|77|88|95|72|83|93|5|10|20|0.5|0.9|1.8|0.6|1.2|2.4|0.8|1.7|3.3|1.5|3.1|6.1|1.6|3.1|6.4|20|25|35|||||||60|65|70|0|0|0|0.5|0.75|1||||1.16|1.22|1.27||||1.72|1.78|1.91||0.01|0.7|1.41|0.11|0.12|0.13||||30.4|35.9|41.3|21.3|26.9|32.9|34|40|47|8.2|10.9|13.1|60|65|70|40|45|50|28|39|52|".17"|".28"|1|2|3|0|0|1|13|14|25|2|3|4|43|47.1|51.1||||40.2|43.8|47.8|6.6|7|7.3||||||||||3.8|5.2|7|0|0|0.3||||||||||||||||||"26150240"|"78109090"
"Ap"||"A"|||0|0|0|20|25|30|20|25|30|18|26|32|13|23|30|93|97|97|79|91|92|73|89|92|68|84|89|5|10|20|0.5|0.9|1.8|0.6|1.2|2.4|0.8|1.7|3.3|1.5|3.1|6.1|1.6|3.1|6.4|20|25|35|||||||60|65|70|0|0|0|1|2|3||||1.2|1.3|1.4||||1.79|1.83|1.93||0.42|2.3|4.23|0.05|0.07|0.12||||20|27.9|34.6|15.2|23|30.9|20|30|40|5.4|8.5|9.5|60|65|70|40|45|50|26|40|48|".10"|".28"|1|2|2|0|0|0|2|10|19|2|3|4|44.8|49.9|54.5||||39.9|48.2|51.7|6.6|7|7.3||||||||||4.2|6|8.1|0|0|0.4||||||||||||||||||"26150240"|"78109089"
"C"||"C"|||70|94|99|120|137|140|25|43|50|10|16|21|5|11|16|88|91|94|76|84|92|72|82|92|67|77|90|5|10|20|0.5|0.9|1.8|0.6|1.2|2.4|0.8|1.7|3.3|1.5|3.1|6.1|1.6|3.1|6.4|20|25|35|||||||60|65|70|0|0|0|0.1|0.2|0.3||||1.27|1.31|1.35||||1.8|1.85|1.89||0.01|0.7|1.41|0.09|0.11|0.13||||27.7|33.1|38.8|20.6|26.3|32.7|30|37|43|7.5|9.9|12.6|60|65|70|40|45|50|25|35|49|".17"|".28"|1|3|5|0|0|1|13|31|50|2|4|8|39.1|43.6|47.6||||37.1|40.8|44.6|6.6|7|7.3||||||||||3.4|4.8|6.5|0|0|0.3||||||||||||||||||"26150240"|"78109091"
"2C1"|2|"C"||1|45|56|56|76|81|81|20|25|25|0|3|7|0|3|7|92|95|97|83|90|95|61|69|76|28|34|40|65|68.8|75|5|5.2|10|10|14|15|15|17.1|20|18|20.5|22|10|12|15|15|23.7|30|||||||5|7.5|10|0|0|0|1|1.5|2||||1.52|1.54|1.56||||1.56|1.58|1.59||14.11|70|141.14|0.12|0.13|0.14||||10.2|13.8|16.9|3.1|5.2|7.4|35|45|53|0.4|0.7|1|18|22|25|2|4|6|0|0|0|".24"|".24"|0|0|0|0|0|0|0|0|0|0|0|0|5.4|7.7|10||||4.4|7|10|6.1|6.7|7.3||||||||||0.9|3|5|||||||||||||||||||||"26150241"|"78109094"
"2C2"|2|"C"||2|76|81|81|131|137|141|50|56|60|0|3|7|0|3|7|92|95|97|83|90|95|61|69|76|28|34|40|65|68.8|75|5|5.2|10|10|14|15|15|17.1|20|18|20.5|22|10|12|15|15|23.7|30|||||||5|7.5|10|0|0|0|0.5|0.75|1||||1.52|1.55|1.58||||1.55|1.58|1.6||14.11|70|141.14|0.12|0.13|0.14||||9.4|12.8|15.6|2.6|4.4|6.3|36|45|54|0.3|0.6|0.9|17|20|23|2|4|6|0|0|0|".24"|".24"|0|0|0|0|0|0|0|0|0|0|0|0|5|7.1|9.2||||4.1|6.5|9.1|6.1|6.7|7.3||||||||||0.7|2.6|4.6|||||||||||||||||||||"26150241"|"78109095"
"A1"||"A"||1|0|0|0|15|30|30|15|30|30|0|3|8|0|3|8|91|94|100|82|89|100|73|82|96|57|65|78|25|31.5|35|2|2.8|5|2|3.3|5|5|6|10|8|10.7|12|5|8.7|10|25|31|40|||||||35|37.5|40|0|0|0|1|1.5|2||||1.38|1.41|1.43||||1.65|1.68|1.75||4.23|23|42.34|0.08|0.1|0.11||||26.1|30.4|34.6|15.6|19.2|23.1|35|45|55|4.6|5.4|6.7|47|50|54|25|27|29|11|16|24|".20"|".20"|0|0|0|0|0|0|0|0|0|0|0|0|24.7|27.3|29.7||||23.4|27|29.5|6.6|7|7.3||||||||||3|4.3|5.9|||||||||||||||||||||"26150241"|"78109092"
"A2"||"A"||2|15|30|30|45|56|56|15|26|26|0|3|8|0|3|8|91|94|100|82|89|100|73|82|96|57|65|78|25|31.5|35|2|2.8|5|2|3.3|5|5|6|10|8|10.7|12|5|8.7|10|25|31|40|||||||35|37.5|40|0|0|0|1|1.5|2||||1.38|1.41|1.43||||1.65|1.68|1.75||4.23|23|42.34|0.08|0.1|0.11||||26.1|30.4|34.6|15.6|19.2|23.1|35|45|55|4.6|5.4|6.7|46|50|54|25|27|29|11|16|24|".20"|".20"|0|0|0|0|0|0|0|0|0|0|0|0|24.7|27.3|29.7||||23.4|27|29.5|6.6|7|7.3||||||||||3|4.3|5.9|||||||||||||||||||||"26150241"|"78109093"
"Ap"||"A"|||0|0|0|10|30|40|10|30|40|0|0|0|0|0|0|100|100|100|100|100|100|89|96|100|77|86|97|5|17.1|20|0.4|1.6|2|0.6|2.1|3|0.8|2.9|3.6|1.6|5.2|5.7|1.6|5.3|5.7|0|10.4|29.9|||||||61|72.5|85|0|0|0|2|3|4||||1.18|1.21|1.23||||1.81|1.9|1.93||1.41|7|14.11|0.12|0.13|0.14||||47.1|49.1|51|30.9|37.1|43.6|51|53|56|13.5|16.8|20.2|70|80|90|40|50|60|33|49|69|".17"|".17"|0|0|0|0|0|0|0|0|0|0|1|2|44.3|52.1|60.3||||40.7|50.5|57.6|6.1|6.7|7.3||||||||||5.6|8.4|11.4|0|0.2|0.4||||||||||||||||||"26150242"|"78109096"
"2Bzg3"|2|"B"||3|70|84|90|100|109|120|10|25|30|0|0|0|0|0|0|100|100|100|95|96|100|89|94|100|84|89|100|5|9|18|0|0.9|1.1|0|1.4|1.7|0.1|1.5|2|1.1|2.9|5.7|1.1|2.3|8.6|40|41|55|||||||40|50|55|0|0|0|0|0.1|0.3||||1.41|1.47|1.5||||1.89|1.95|2.05||0.01|0.7|1.41|0.12|0.13|0.14||||29|32.2|34.2|20.1|25.5|28.7|43|49|56|6.7|9.6|11.4|60|70|80|30|40|50|29|41|60|".17"|".17"|0|0|0|0|0|0|0|0|0|8|14|16|26.3|33.8|38||||25.2|32.4|36.1|6.1|6.7|7.3||||||||||2.9|5.4|7.6|0|0.3|0.4||||||||||||||||||"26150242"|"78109100"
"Bwg"||"B"|||10|30|40|30|51|60|20|21|40|0|0|0|0|0|0|100|100|100|100|100|100|89|96|100|77|86|95|5|17|20|0.4|1.4|2|0.6|2.1|3|0.8|2.9|3.6|1.6|5.3|5.7|1.6|5.3|5.7|10|28|40|||||||50|55|70|0|0|0|0.5|0.75|1||||1.26|1.31|1.36||||1.77|1.82|2.03||0.42|2.3|4.23|0.12|0.13|0.14||||44.9|46|48.7|24.5|27.1|34.5|52|54|57|10.2|11.6|15.7|70|80|90|40|50|60|33|49|67|".17"|".17"|0|0|0|0|0|0|0|0|0|2|3|4|35.6|39.2|48.7||||33.7|38.6|47.4|6.1|6.7|7.3||||||||||4.1|6.2|9|0|0.3|0.4||||||||||||||||||"26150242"|"78109097"
"2Bzg1"|2|"B"||1|30|51|60|65|74|80|20|23|50|0|0|0|0|0|0|100|100|100|95|96|100|89|94|100|84|89|100|5|9|18|0|0.9|1.1|0|1.4|1.7|0.1|1.5|2|1.1|2.9|5.7|1.1|2.3|8.6|40|41|55|||||||40|50|55|0|0|0|0|0.1|0.3||||1.41|1.47|1.5||||1.89|1.95|2.05||0.01|0.7|1.41|0.12|0.13|0.14||||29|32.2|34.2|20.1|25.5|28.7|43|49|56|6.7|9.6|11.4|60|70|80|30|40|50|29|41|60|".17"|".17"|0|0|0|0|0|0|0|0|0|8|14|16|26.3|33.8|38||||25.2|32.4|36.1|6.1|6.7|7.3||||||||||2.9|5.4|7.6|0|0.3|0.4||||||||||||||||||"26150242"|"78109098"
"2Bzg2"|2|"B"||2|65|74|80|70|84|90|5|10|20|0|0|0|0|0|0|100|100|100|95|96|100|89|94|100|84|89|100|5|9|18|0|0.9|1.1|0|1.4|1.7|0.1|1.5|2|1.1|2.9|5.7|1.1|2.3|8.6|40|41|55|||||||40|50|55|0|0|0|0|0.1|0.3||||1.41|1.47|1.5||||1.89|1.95|2.05||0.01|0.7|1.41|0.12|0.13|0.14||||29|32.2|34.2|20.1|25.5|28.7|43|49|56|6.7|9.6|11.4|60|70|80|30|40|50|29|41|60|".17"|".17"|0|0|0|0|0|0|0|0|0|8|14|16|26.3|33.8|38||||25.2|32.4|36.1|6.1|6.7|7.3||||||||||2.9|5.4|7.6|0|0.3|0.4||||||||||||||||||"26150242"|"78109099"
"2Czg"|2|"C"|||100|109|120|140|152|200|40|43|80|0|0|0|0|0|0|100|100|100|94|96|100|89|94|100|83|89|100|5|9|18|0|0.9|1.1|0|1.4|1.7|0.1|1.5|2|1.1|2.9|5.7|1.1|2.3|8.6|40|41|55|||||||40|50|55|0|0|0|0|0.1|0.3||||1.31|1.4|1.45||||1.76|1.85|1.95||0.01|0.7|1.41|0.12|0.13|0.14||||29|32.2|34.2|20.1|25.5|28.7|43|49|56|6.7|9.6|11.4|60|70|80|30|40|50|28|41|60|".17"|".17"|0|0|0|0|0|0|0|0|0|8|14|16|26.3|33.8|38||||25.2|32.4|36.1|6.1|6.7|7.3||||||||||2.9|5.4|7.6|0|0.3|0.4||||||||||||||||||"26150242"|"78109101"
"A1"||"A"||1|0|0|0|15|30|30|15|30|30|0|3|5|0|3|5|90|95|100|85|90|95|80|85|90|65|70|75|25|31.5|35|2|2.8|5|2|3.3|5|5|6|10|8|10.7|12|5|8.7|10|20|31|40|||||||35|37.5|40|0|0|0|1|1.5|2||||1.1|1.25|1.4||||1.37|1.52|1.61||4.23|23|42.34|0.08|0.1|0.11||||18.6|22.5|26.3|11.1|14.2|17.6|25|33|42|3|4.5|5.9|45|49|53|25|27|29|5|8|11|".10"|".17"|0|0|0|0|0|0|0|0|0|0|0|0|24.7|27.3|29.7||||23.4|27|29.5|6.6|7|7.3||||||||||3|4.3|5.9|||||||||||||||||||||"26150202"|"78108927"
"A2"||"A"||2|15|30|30|45|56|56|15|26|26|0|3|5|0|3|5|90|95|100|85|90|95|70|85|90|65|70|75|25|31.5|35|2|2.8|5|2|3.3|5|5|6|10|8|10.7|12|5|8.7|10|20|31|40|||||||35|37.5|40|0|0|0|1|1.5|2||||1.1|1.25|1.4||||1.37|1.52|1.61||4.23|23|42.34|0.08|0.1|0.11||||18.6|22.5|26.3|11.1|14.2|17.6|25|33|42|3|4.5|5.9|45|49|53|25|27|29|5|8|11|".10"|".17"|0|0|0|0|0|0|0|0|0|0|0|0|24.7|27.3|29.7||||23.4|27|29.5|6.6|7|7.3||||||||||3|4.3|5.9|||||||||||||||||||||"26150202"|"78108930"
"2C1"|2|"C"||1|45|56|56|76|81|81|20|25|25|0|3|5|0|3|5|85|90|95|80|85|90|45|55|65|25|30|35|65|68.8|75|5|5.2|10|10|14|15|15|17.1|20|18|20.5|22|10|12|15|10|23.7|30|||||||5|7.5|10|0|0|0|1|1.5|2||||1.1|1.25|1.4||||1.17|1.32|1.47||14.11|70|141.14|0.12|0.13|0.14||||10.1|13.3|16.1|3|5|7.1|35|43|51|0|1.5|2.9|18|22|26|2|4|6|0|0|0|".17"|".17"|0|0|0|0|0|0|0|0|0|0|0|0|5.4|7.7|10||||4.4|7|10|6.1|6.7|7.3||||||||||0.9|3|5|||||||||||||||||||||"26150202"|"78108928"
"2C2"|2|"C"||2|76|81|81|131|137|141|50|56|60|0|3|5|0|3|5|85|90|95|80|85|90|45|55|65|25|30|35|65|68.8|75|5|5.2|10|10|14|15|15|17.1|20|18|20.5|22|10|12|15|10|23.7|30|||||||5|7.5|10|0|0|0|0.5|0.75|1||||1.1|1.25|1.4||||1.17|1.32|1.47||14.11|70|141.14|0.12|0.13|0.14||||9.3|12.3|14.9|2.6|4.2|6|35|43|51|0|1.5|2.9|17|21|24|2|4|6|0|0|0|".17"|".17"|0|0|0|0|0|0|0|0|0|0|0|0|5|7.1|9.2||||4.1|6.5|9.1|6.1|6.7|7.3||||||||||0.7|2.6|4.6|||||||||||||||||||||"26150202"|"78108929"
"2C1"|2|"C"||1|45|56|56|76|81|81|20|25|25|0|5|10|5|5|10|85|90|95|80|85|90|45|55|65|25|30|35|65|68.8|75|5|5.2|10|10|14|15|15|17.1|20|18|20.5|22|10|12|15|10|23.7|30|||||||5|7.5|10|0|0|0|1|1.5|2||||1.1|1.25|1.4||||1.17|1.32|1.47||14.11|70|141.14|0.12|0.13|0.14||||10.1|13.3|16.1|3|5|7.1|35|43|51|0|1.5|2.9|18|22|26|2|4|6|0|0|0|".17"|".17"|0|0|0|0|0|0|0|0|0|0|0|0|5.4|7.7|10||||4.4|7|10|6.1|6.7|7.3||||||||||0.9|3|5|||||||||||||||||||||"26150203"|"78108932"
"2C2"|2|"C"||2|76|81|81|131|137|141|50|56|60|0|5|10|5|5|10|85|90|95|80|85|90|45|55|65|25|30|35|65|68.8|75|5|5.2|10|10|14|15|15|17.1|20|18|20.5|22|10|12|15|10|23.7|30|||||||5|7.5|10|0|0|0|0.5|0.75|1||||1.1|1.25|1.4||||1.17|1.32|1.47||14.11|70|141.14|0.12|0.13|0.14||||9.3|12.3|14.9|2.6|4.2|6|35|43|51|0|1.5|2.9|17|21|24|2|4|6|0|0|0|".17"|".17"|0|0|0|0|0|0|0|0|0|0|0|0|5|7.1|9.2||||4.1|6.5|9.1|6.1|6.7|7.3||||||||||0.7|2.6|4.6|||||||||||||||||||||"26150203"|"78108934"
"A1"||"A"||1|0|0|0|15|30|30|15|30|30|10|15|20|5|10|15|90|95|100|85|90|95|80|85|90|65|70|75|25|31.5|35|2|2.8|5|2|3.3|5|5|6|10|8|10.7|12|5|8.7|10|20|31|40|||||||35|37.5|40|0|0|0|1|1.5|2||||1.1|1.25|1.4||||1.37|1.52|1.61||4.23|23|42.34|0.08|0.1|0.11||||18.6|22.5|26.3|11.1|14.2|17.6|25|33|42|3|4.5|5.9|45|49|53|25|27|29|5|8|11|".10"|".17"|0|0|0|0|0|0|0|0|0|0|0|0|24.7|27.3|29.7||||23.4|27|29.5|6.6|7|7.3||||||||||3|4.3|5.9|||||||||||||||||||||"26150203"|"78108931"
"A2"||"A"||2|15|30|30|45|56|56|15|26|26|10|15|20|5|10|15|90|95|100|85|90|95|70|85|90|65|70|75|25|31.5|35|2|2.8|5|2|3.3|5|5|6|10|8|10.7|12|5|8.7|10|20|31|40|||||||35|37.5|40|0|0|0|1|1.5|2||||1.1|1.25|1.4||||1.37|1.52|1.61||4.23|23|42.34|0.08|0.1|0.11||||18.6|22.5|26.3|11.1|14.2|17.6|25|33|42|3|4.5|5.9|45|49|53|25|27|29|5|8|11|".10"|".17"|0|0|0|0|0|0|0|0|0|0|0|0|24.7|27.3|29.7||||23.4|27|29.5|6.6|7|7.3||||||||||3|4.3|5.9|||||||||||||||||||||"26150203"|"78108933"
"A1"||"A"||1|0|0|0|15|30|30|15|30|30|10|15|20|15|20|25|75|80|85|70|75|80|70|75|80|55|60|65|25|31.5|35|2|2.8|5|2|3.3|5|5|6|10|8|10.7|12|5|8.7|10|20|31|40|||||||35|37.5|40|0|0|0|1|1.5|2||||1.1|1.25|1.4||||1.37|1.52|1.61||4.23|23|42.34|0.08|0.1|0.11||||18.6|22.5|26.3|11.1|14.2|17.6|25|33|42|3|4.5|5.9|45|49|53|25|27|29|5|8|11|".10"|".17"|0|0|0|0|0|0|0|0|0|0|0|0|24.7|27.3|29.7||||23.4|27|29.5|6.6|7|7.3||||||||||3|4.3|5.9|||||||||||||||||||||"26150204"|"78108935"
"A2"||"A"||2|15|30|30|45|56|56|15|26|26|10|15|20|15|20|25|75|80|85|70|75|80|70|75|80|55|60|65|25|31.5|35|2|2.8|5|2|3.3|5|5|6|10|8|10.7|12|5|8.7|10|20|31|40|||||||35|37.5|40|0|0|0|1|1.5|2||||1.1|1.25|1.4||||1.37|1.52|1.61||4.23|23|42.34|0.08|0.1|0.11||||18.6|22.5|26.3|11.1|14.2|17.6|25|33|42|3|4.5|5.9|45|49|53|25|27|29|5|8|11|".10"|".17"|0|0|0|0|0|0|0|0|0|0|0|0|24.7|27.3|29.7||||23.4|27|29.5|6.6|7|7.3||||||||||3|4.3|5.9|||||||||||||||||||||"26150204"|"78108938"
"2C2"|2|"C"||2|76|81|81|131|137|141|50|56|60|0|5|10|5|5|10|85|90|95|80|85|90|45|55|65|25|30|35|65|68.8|75|5|5.2|10|10|14|15|15|17.1|20|18|20.5|22|10|12|15|10|23.7|30|||||||5|7.5|10|0|0|0|0.5|0.75|1||||1.1|1.25|1.4||||1.17|1.32|1.47||14.11|70|141.14|0.12|0.13|0.14||||9.3|12.3|14.9|2.6|4.2|6|35|43|51|0|1.5|2.9|17|21|24|2|4|6|0|0|0|".17"|".17"|0|0|0|0|0|0|0|0|0|0|0|0|5|7.1|9.2||||4.1|6.5|9.1|6.1|6.7|7.3||||||||||0.7|2.6|4.6|||||||||||||||||||||"26150204"|"78108937"
"2C1"|2|"C"||1|45|56|56|76|81|81|20|25|25|0|5|10|5|5|10|85|90|95|80|85|90|45|55|65|25|30|35|65|68.8|75|5|5.2|10|10|14|15|15|17.1|20|18|20.5|22|10|12|15|10|23.7|30|||||||5|7.5|10|0|0|0|1|1.5|2||||1.1|1.25|1.4||||1.17|1.32|1.47||14.11|70|141.14|0.12|0.13|0.14||||10.1|13.3|16.1|3|5|7.1|35|43|51|0|1.5|2.9|18|22|26|2|4|6|0|0|0|".17"|".17"|0|0|0|0|0|0|0|0|0|0|0|0|5.4|7.7|10||||4.4|7|10|6.1|6.7|7.3||||||||||0.9|3|5|||||||||||||||||||||"26150204"|"78108936"
"Cg"||"C"|||64|66|69|91|150|152|25|84|100|0|0|0|0|0|0|95|96|100|89|93|100|85|91|100|79|85|96|8|10|15|0.1|0.7|0.9|0.4|1.1|1.3|1|1.6|1.7|2.5|3.2|4.3|2.7|3.4|9.2|52|55|56|20|20|22|30|35|35|30|35|40|0|0|0|0.5|1.25|2||||1.37|1.4|1.42||||1.54|1.57|1.62||4.23|9|14.11|0.19|0.2|0.21||||29.1|32|35.9|16.5|20.5|25.5|36|40|46|2.9|3.6|4.7|41|47|54|21|25|29|16|21|32|".17"|".17"|0|0|0|0|0|0|1|3|5|0|0|0|10.6|12.5|14.4||||6.1|11.2|14|6.1|6.4|7.3||||||||||1|5.9|8.7|0|0|0||||||||||||||||||"26150259"|"78109148"
"Bg1"||"B"||1|30|33|35|43|46|51|10|13|18|0|0|0|0|0|0|100|100|100|100|100|100|96|99|100|89|94|97|5|8.3|15|0.1|0.3|0.4|0.4|0.5|0.5|0.8|0.9|1|1.6|2.6|4.3|1.7|4|9.2|48.5|53.7|57|20|20|22|30|33.7|35|30|38|40|0|0|0|2|4|6||||1.14|1.23|1.31||||1.31|1.4|1.42||1.41|7|14|0.15|0.16|0.17||||30.8|34.2|35.7|16.5|22.3|25.2|46|50|53|3.1|4.4|5|45|57|63|21|26|28|21|29|36|".17"|".17"|0|0|0|0|0|0|1|3|5|0|0|0|10.9|13.9|14.7||||2.5|11.1|14.3|4.5|6.5|6.5||||||||||5.8|7.3|19.4|0|0|0||||||||||||||||||"26150259"|"78109146"
"Bg2"||"B"||2|43|46|51|64|66|69|18|20|23|0|0|0|0|0|0|94|96|100|88|92|100|83|88|99|73|78|89|15|18.5|19|0.2|1.3|1.6|0.5|2|2.3|1.3|2.9|3.2|4.7|5.9|8.5|5.2|6.4|11.5|41|44|47|20|20|22|20|24|25|35|37.5|40|0|0|0|0.8|2.4|4||||1.26|1.31|1.36||||1.44|1.49|1.51||4.23|9|14.11|0.18|0.18|0.21||||30.6|33.1|36.7|18.9|22.5|27.1|37|41|46|3.5|4.1|4.7|42|52|58|21|25|28|14|20|29|".17"|".17"|0|0|0|0|0|0|1|3|5|0|0|0|12.4|13.6|14.6||||6.1|11.6|14.6|6.1|6.6|7.3||||||||||1.2|6|9.6|0|0|0||||||||||||||||||"26150259"|"78109147"
"Apg"||"A"|||0|0|0|10|15|15|10|15|15|0|0|0|0|0|0|94|96|100|88|92|100|84|91|100|79|86|100|5|8|15|0.2|0.3|0.5|0.3|0.5|0.9|0.6|0.9|1.7|1.6|2.5|4.7|2.3|3.8|7.2|40|46|55|20|20|22|22|26|35|40|46|50|0|0|0|5|8|10||||1.18|1.23|1.31||||1.41|1.46|1.51||1.41|7|14|0.19|0.19|0.21||||30.2|33.5|36.4|23.1|28.8|33.5|45|48|52|4.6|5.6|6.7|58|72|85|28|35|42|24|39|55|".17"|".17"|0|0|0|0|0|0|1|3|5|0|0|0||||6.7|7.9|8.8|1.6|2.5|7.1|4.5|4.8|6.5||||||||||16.3|25.8|31|0|1.5|3||||||||||||||||||"26150259"|"78109143"
"Ag1"||"A"||1|10|15|15|23|25|28|8|10|13|0|0|0|0|0|0|100|100|100|100|100|100|96|99|100|90|94|100|5|8|15|0.2|0.3|0.5|0.3|0.5|0.9|0.6|0.9|1.7|1.6|2.5|4.7|2.3|3.8|7.2|40|46|55|20|20|22|22|26|35|40|46|50|0|0|0|2|4|6||||1.13|1.27|1.4||||1.24|1.38|1.51||1.41|7|14|0.15|0.16|0.17||||31|33.6|35.5|22.6|27.6|31.5|41|49|56|2.3|2.8|3.3|53|67|80|28|36|43|29|40|54|".17"|".17"|0|0|0|0|0|0|1|3|5|0|0|0||||6.9|8.2|9.3|2|4.5|6|4.5|5.2|6.5||||||||||11.1|18|24|0|1.5|3||||||||||||||||||"26150259"|"78109144"
"Ag2"||"A"||2|23|25|28|30|33|35|5|8|10|0|0|0|0|0|0|100|100|100|100|100|100|96|99|100|90|94|100|5|8|15|0.2|0.3|0.5|0.3|0.5|0.9|0.6|0.9|1.7|1.6|2.5|4.7|2.3|3.8|7.2|40|46|55|20|20|22|22|26|35|40|46|50|0|0|0|2|4|6||||1.13|1.27|1.4||||1.24|1.38|1.51||1.41|7|14|0.15|0.16|0.17||||31|33.6|35.5|22.6|27.6|31.5|41|49|56|2.3|2.8|3.3|53|67|80|28|36|43|29|40|54|".17"|".17"|0|0|0|0|0|0|1|3|5|0|0|0||||6.9|8.2|9.3|2|4.5|6|4.5|5.2|6.5||||||||||11.1|18|24|0|1.5|3||||||||||||||||||"26150259"|"78109145"
"Bt"||"B"|||20|36|36|150|152|155|114|116|130|0|0|0|0|3|5|86|88|93|66|75|93|64|75|93|61|73|93|3|5|10|0|0.2|0.3|0|0.3|0.6|0|0.6|1.1|0.7|1.6|3.2|1.7|2.3|4.8|40|45|50|||||||45|50|55|0|0|0|1|1.5|2||||1|1.15|1.3||||1.06|1.21|1.36||1.41|7|14.11|0.11|0.12|0.13||||26.7|30.1|33.6|19.8|24|28.5|40|48|56|3.1|3.8|5.3|60|65|70|20|25|30|16|26|37|".10"|".10"|0|0|0|0|0|0|0|0|0|0|0|0||||2.5|3.3|4.3|1.5|2.4|4.3|5.1|5.3|5.5||||||||||10.1|11.7|13.4|0|0.9|1||||||||||||||||||"26150260"|"78109150"
"Ap"||"A"|||0|0|0|20|36|36|20|36|36|0|0|0|0|0|0|94|96|99|87|91|98|84|91|98|79|87|98|3|5.5|10|0|0.2|0.3|0|0.3|0.6|0|0.6|1.1|0.7|1.7|3.2|2.3|2.7|4.8|40|47|55|||||||40|47.5|55|0|0|0|5|6|7||||1|1.15|1.3||||1.05|1.2|1.35||4.23|23|42|0.11|0.12|0.13||||31.4|34|36.4|24.1|28.8|33.5|43|49|56|3.5|4.3|5.2|60|65|70|20|25|30|22|30|40|".10"|".10"|0|0|0|0|0|0|0|0|0|0|0|0|15.5|17.9|20.3||||3.3|11.8|17.9|5.1|5.8|6.5||||||||||15.7|19.3|22.9|0|0.3|3.3||||||||||||||||||"26150260"|"78109149"
"Ap"||"A"|||0|0|0|20|25|25|20|25|25|0|0|0|0|0|0|93|95|100|86|90|100|84|90|100|82|89|100|1|2.9|10|0|0|0.3|0|0.1|0.6|0|0.4|1.1|0.1|0.9|3.2|0.9|1.5|4.8|40|40.1|48|||||||50|57|58|0|0|0|6|6.5|7||||1|1.05|1.1||||1.05|1.1|1.15||4.23|23|42|0.1|0.11|0.12||||33.4|35.4|38.4|28|31.8|38.2|49|52|54|4.4|5.1|5.5|60|65|70|20|25|30|21|29|40|".10"|".10"|0|0|0|0|0|0|0|0|0|0|0|0||||7.5|9.3|10.4|0.6|2.9|3.8|4.5|5|5.5||||||||||19.9|23.7|26.1|||||||||||||||||||||"26150261"|"78109151"
"Bt1"||"B"||1|20|25|25|78|107|115|58|82|90|0|0|0|0|4|6|93|95|100|86|90|100|84|90|100|82|88|100|1|3|5|0|0|0.2|0|0.1|0.3|0|0.4|0.6|0.1|0.9|1.6|0.9|1.6|2.3|40|45|48|||||||50|52|58|0|0|0|1|2.5|4||||1|1.05|1.1||||1.05|1.1|1.15||0.42|2.3|4.23|0.1|0.11|0.12||||30.7|32.4|35.5|23.5|26.1|31.5|50|53|56|4.2|4.8|6.5|60|65|70|20|25|30|21|28|40|".10"|".10"|0|0|0|0|0|0|0|0|0|0|0|0||||6.1|8.5|12.4|0.4|0.8|4.6|3.5|4.5|5.5||||||||||11.6|17.4|24.9|||||||||||||||||||||"26150261"|"78109152"
"Bt2"||"B"||2|78|107|115|150|165|180|35|58|65|0|0|0|0|0|0|100|100|100|100|100|100|85|91|100|65|68|83|10|38|45|0|2.9|4.2|0|4.9|5.9|0.1|6.7|7.9|2.3|12.1|14|7.6|11.4|13|35|37|50|||||||20|25|55|0|0|0|0.7|0.85|1||||1|1.05|1.1||||1.05|1.1|1.16||1.41|2.5|4.23|0.11|0.12|0.13||||20.4|23.9|33.6|7.4|10.1|22.9|44|49|54|0.7|1.2|4.8|40|50|60|10|15|20|6|11|21|".10"|".10"|0|0|0|0|0|0|0|0|0|0|0|0||||2.8|4|10.2|0.3|1.4|5.5|3.5|4.3|5||||||||||5.5|8.2|18.3|||||||||||||||||||||"26150261"|"78109153"
"H1"||"H"||1||0|||46|||||0|10|20|15|23|30|100|100|100|100|100|100|95|97.5|100|85|92.5|100||7.7|||0.2|||0.5|||0.9|||2.4|||3.7|||49.8||||||||35|42.5|50||0||1|2.5|4||||1.1|1.2|1.35||||1.17|1.27|1.42||4.23|9|14|0.09|0.1|0.11||||19.8|26|31.8|12.9|19.7|27|31|41|50|0|1.5|2.9|35|40|45|10|15|20|8|15|23|".15"|".17"|0|0|0|0|0|0|0|3|4|0|0|0|12.3|15.6|17.9|||||||6.6|7|7.3|||||||||||||||||||||||||||||||||"26150209"|"78108963"
"H2"||"H"||2||46|||152|||||0|0|0|0|3|5|100|100|100|95|97.5|100|90|95|100|85|92.5|100||18.5|||1.3|||2|||2.9|||5.9|||6.4|||44||||||||35|37.5|40||0||0.1|1.05|2||||1.1|1.2|1.3||||1.16|1.26|1.31||4.23|9|14|0.1|0.11|0.12||||29.6|31.6|33.6|16.1|18.6|21.2|46|50|55|0|1.5|2.9|35|40|45|10|15|20|8|15|23|".17"|".17"|0|0|0|0|0|0|0|3|4|0|0|0|9.2|11.6|13.8|||||||6.6|7|7.3|||||||||||||||||||||||||||||||||"26150209"|"78108964"
"2R"|2|"R"|||38|48|48|68|73|78|20|25|30|0|0|0|0|0|0|0|0|0|0|0|0|0|0|0|0|0|0||0|||0|||0|||0|||0|||0|||0||||||||0|0|0||0||0|0|0||||||||||||||0.42|21.38|42.34|0|0|0|||||||||||||0|0|0|0|0|0|0|0|0||||".02"|".02"|95|97|99|0|0|0|0|0||0|0|0|||||||||||||||||||||||||||||||||||||||||||||"26150210"|"78108965"
"Ap"||"A"|||0|0|0|15|20|25|15|20|25|0|5|10|10|15|20|90|92.5|95|85|87.5|90|85|87.5|90|75|82.5|90||18.5|||1.3|||2|||2.9|||5.9|||6.4|||44|||24|||20||35|37.5|40||0||2|3|4||||1.1|1.22|1.33||||1.17|1.29|1.35||5|25|45|0.09|0.11|0.12||||24.7|28.2|31.5|14.6|17.9|21.3|35|41|49|0|1.5|2.9|46|51|56|24|26|28|11|17|25|".15"|".17"|0|0|0|0|0|0|0|0|0|0|0|0|12.1|14.4|16.2|||||||6.6|6.7|7.3|||||||||||||||||||||||||||||||||"26150210"|"78108966"
"Bw"||"B"|||15|20|25|38|48|48|10|28|28|0|5|10|10|15|20|75|80|85|70|75|80|70|75|80|65|72.5|80||18.5|||1.3|||2|||2.9|||5.9|||6.4|||44|||24|||20||35|37.5|40||0||0.5|0.75|1||||1.1|1.19|1.27||||1.17|1.26|1.33||5|25|45|0.1|0.11|0.12||||21.3|24.7|28.1|11.7|14.3|17.1|33|40|47|0|1.5|2.9|43|46|50|24|26|28|8|14|21|".15"|".17"|0|0|0|0|0|0|0|0|0|0|0|0|8.5|11.3|13.4|||||||7.4|7.5|7.8|||||||||||||||||||||||||||||||||"26150210"|"78108967"
"H1"||"H"||1||0|||41|||||0|0|0|0|0|0|90|95|100|85|90|95|65|70|75|35|50|65||44.3|||4.3|||5.9|||7.9|||13.7|||12.5|||40.7||||||||10|15|20||0||1|1.5|2||||1.2|1.3|1.4||||1.26|1.36|1.42||14|28|42|0.09|0.11|0.12||||20.3|24.1|27.4|5.9|9.1|12.5|40|45|50|0|1.5|2.9|20|25|30|0|5|10|0|0|4|".10"|".10"||||0|0|0||||0|0|0|8.1|12.5|17.1|||||||6.6|7|7.3|||||||||||||||||||||||||||||||||"26150155"|"78108810"
"H2"||"H"||2||41|||150|||||0|0|0|0|3|5|85|90|95|80|85|90|40|50|60|5|10|20||78.9|||3.3|||12.5|||20.7|||27.1|||15.3|||16.6||||||||2|4.5|7||0||0.5|0.75|1||||1.2|1.3|1.4||||1.27|1.37|1.43||42.34|92|141|0.06|0.07|0.08|13|16.4|19.3|7.8|11.2|14|1.6|3.2|5.1|38|43|49|0|1.5|2.9|0|7|14|0|0|0|0|0|0|".10"|".10"|95|97|99|0|0|0||||0|1|2|1.8|3.9|6|||||||7.9|8.2|8.4|||||||||||||||||||||||||||||||||"26150155"|"78108811"
"H1"||"H"||1||0|||30|||||0|3|5|0|3|5|100|100|100|95|97.5|100|95|97.5|100|90|95|100||5|||0|||0|||0|||0.5|||4.5|||37||||||||55|58|70||0||2|3.5|5||||1.1|1.15|1.2||||1.27|1.32|1.37||1.41|7|14.11|0.13|0.14|0.15||||32|34.3|38.6|27.1|30.7|34.8|46|49|53|3|4.5|5.9|65|67.5|70|25|27.5|30|29|34|39|".28"|".28"|0|0|0|0|0|0||||0|0|0|15.3|18.1|22.4|||||||6.1|6.7|7.3|||||||||||||||||||||||||||||||||"26150216"|"78108990"
"H2"||"H"||2||30|||152|||||0|5|10|0|8|15|90|95|100|85|92.5|100|80|90|100|75|85|95||5|||0|||0|||0|||0.5|||4.5|||37||||||||55|58|70||0||0.5|0.75|1||||1.1|1.15|1.2||||1.28|1.33|1.39||1.41|2.5|4.23|0.13|0.14|0.15||||27|31.2|37.3|22.3|26.7|35.6|41|48|55|3|4.5|5.9|65|67.5|70|25|27.5|30|22|29|37|".28"|".28"|0|0|0|0|0|0||||0|0|0|11.1|13.2|15.5|||||||6.1|6.7|7.3|||||||||||||||||||||||||||||||||"26150216"|"78108991"
"Bw1"||"B"||1|20|33|33|43|53|56|10|20|23|0|0|0|0|0|0|90|95|100|90|95|100|84|91|98|74|81|88|18|18.5|20|1|1.3|1.5|1|2|3|2.5|2.9|3.5|5|5.9|6|6|6.4|6.5|40|44|45|5|10|10|30|34|35|35|37.5|40|0|0|0|0.75|1.5|3||||1.28|1.37|1.46||||1.42|1.51|1.52|2.79|0.42|2.3|4.23|0.12|0.13|0.14||||31.2|33.3|35.8|19|21.7|25.4|43|47|51|2.8|3.2|3.5|43|48|54|24|26|28|18|27|37|".17"|".17"|0|0|0|0|0|0|0|0|0|0|0|0|11.2|12.8|14.9||||6.4|10|12.4|6.1|6.2|6.5||||||||||4.6|7.2|9.3|||||||||||||||||||||"26150217"|"78108993"
"Bw2"||"B"||2|43|53|56|63|97|99|10|44|46|0|0|0|0|0|0|90|95|100|90|95|100|84|91|98|74|81|88|18|18.5|20|1|1.3|1.5|1|2|3|2.5|2.9|3.5|5|5.9|6|6|6.4|6.5|40|44|45|5|10|10|30|34|35|35|37.5|40|0|0|0|0.75|1.5|3||||1.28|1.37|1.46||||1.42|1.51|1.52|2.79|0.42|2.3|4.23|0.12|0.13|0.14||||31.2|33.3|35.8|19|21.7|25.4|43|47|51|2.8|3.2|3.5|43|48|54|24|26|28|18|27|37|".17"|".17"|0|0|0|0|0|0|0|0|0|0|0|0|11.2|13|14.9||||6.4|11.3|12.4|6.1|6.4|6.5||||||||||4.6|6.3|9.3|||||||||||||||||||||"26150217"|"78108994"
"Bw3"||"B"||3|63|97|99|125|127|148|28|30|51|0|0|0|0|0|0|90|95|100|90|95|100|84|91|98|74|81|88|18|18.5|20|1|1.3|1.5|1|2|3|2.5|2.9|3.5|5|5.9|6|6|6.4|6.5|40|44|45|5|10|10|30|34|35|35|37.5|40|0|0|0|0.75|1.5|3||||1.28|1.37|1.46||||1.42|1.51|1.52|2.79|0.42|2.3|4.23|0.12|0.13|0.14||||31.2|33.3|35.8|19|21.7|25.4|43|47|51|2.8|3.2|3.5|43|48|54|24|26|28|18|27|37|".17"|".17"|0|0|0|0|0|0|0|0|0|0|0|0|11.2|12.8|14.9||||6.4|10|12.4|6.1|6.2|6.5||||||||||4.6|7.2|9.3|||||||||||||||||||||"26150217"|"78108995"
"Bw4"||"B"||4|125|127|148|187|193|197|60|66|70|0|0|0|0|0|0|90|95|100|90|95|100|84|91|98|74|81|88|18|18.5|20|1|1.3|1.5|1|2|3|2.5|2.9|3.5|5|5.9|6|6|6.4|6.5|40|44|45|5|10|10|30|34|35|35|37.5|40|0|0|0|0.75|1.5|3||||1.28|1.37|1.46||||1.42|1.51|1.52|2.79|0.42|2.3|4.23|0.12|0.13|0.14||||31.2|33.3|35.8|19|21.7|25.4|43|47|51|2.8|3.2|3.5|43|48|54|24|26|28|18|27|37|".17"|".17"|0|0|0|0|0|0|0|0|0|0|0|0|11.2|12.8|14.9||||6.4|10|12.4|6.1|6.2|6.5||||||||||4.6|7.2|9.3|||||||||||||||||||||"26150217"|"78108996"
"Ap"||"A"|||0|0|0|20|33|33|20|33|33|0|0|0|0|0|0|100|100|100|100|100|100|93|96|98|83|85|88|18|18.5|20|1|1.3|1.5|1|2|3|2.5|2.9|3.5|5|5.9|6|6|6.4|6.5|40|44|45|5|10|10|30|34|35|35|37.5|40|0|0|0|4|5|6||||1.29|1.31|1.32||||1.42|1.44|1.46|2.74|4.23|23|42|0.12|0.13|0.14||||34.5|35.7|36.9|22.8|25.2|27.6|49|50|50|3.1|3.3|3.6|50|55|60|24|26|28|20|28|37|".17"|".17"|0|0|0|0|0|0|0|0|0|0|0|0|13.9|14.9|16.3||||9.4|10.2|12.5|6.1|6.1|6.5||||||||||7.3|10.2|11.3|||||||||||||||||||||"26150217"|"78108992"
"C"||"C"|||142|147|152|175|178|180|28|31|33|5|9|11|5|9|11|67|76|87|43|62|87|40|61|87|36|55|86|10|15|15|0|0.5|1|0|0.9|1|1|1.7|2|4|4.7|5|7|7.2|8|40|40|45|||||||40|45|55||0||0|0|0||||1.22|1.22|1.42||||1.38|1.55|1.55||0.42|0.9|1.41|0.1|0.11|0.12||||15.6|21.6|30|10.7|15.9|25|23|35|45|1.1|1.6|2.7|46|51|60|28|32|40|7|15|26|".05"|".10"|0|0|0|0|0|0|0|0|0|0|0|0|6.7|7.8|9.1||||1.2|1.5|2.3|4.5|5.6|6||||||||||4.7|6.5|9.9|||||||||||||||||||||"26150218"|"78109000"
"Ap"||"A"|||0|0|0|23|25|25|23|25|25|0|0|0|0|4|6|94|96|100|87|91|100|80|91|100|78|89|100|0|4|5|0|0|0|0|0|0|0|0|0|0|0.4|1|3|3.6|4|35|38|40|||||||50|58|60||0||4|6.47|7||||1.22|1.24|1.42||||1.38|1.48|1.55||4.23|23|42|0.12|0.13|0.14||||31.4|35.1|38.1|26.9|33.7|37.4|36|44|48|4.4|5.6|30|62|75|78|35|41|42|19|25|43|".10"|".10"|0|0|0|0|0|0|0|0|0|0|0|0||||6.6|8.7|9.6|5.1|5.8|8.1|5.1|5.4|6||5||||||||15.7|22.7|24.9|||||||||||||||||||||"26150218"|"78108997"
"Bt2"||"B"||2|40|46|50|69|74|79|23|28|33|0|0|0|0|4|6|94|96|100|87|91|100|80|91|100|79|90|100|0|3|5|0|0|0|0|0|0|0|0|0|0|0.3|1|2|2.7|3|35|39|40|||||||50|58|75||0||1|1.74|3||||1.22|1.24|1.42||||1.38|1.46|1.55||0.42|2.3|4.23|0.12|0.13|0.14||||30.1|33.2|39.6|24.2|29.5|35.6|39|46|50|4.4|6.5|30|56|65|83|35|41|54|21|47|51|".10"|".10"|0|0|0|0|0|0|0|0|0|0|0|0||||5.7|8.5|12|2.8|4.1|7|4.5|4.8|6||4.4||||||||10.6|16.6|23.8|||||||||||||||||||||"26150218"|"78108998"
"Bt4"||"B"||4|120|122|140|142|147|152|20|25|30|0|0|0|0|4|6|94|96|100|87|91|100|81|90|100|74|82|100|10|14|15|0|0.4|1|0|0.8|1|1|1.6|2|4|4.4|5|6|6.8|7|40|41|45|||||||40|45|55||0||0.5|0.74|1||||1.22|1.42|1.42||||1.38|1.55|1.55||0.42|0.9|1.41|0.12|0.13|0.14||||27.5|30.1|35.2|19.9|23.4|30.9|39|40|51|2.2|2.6|3.6|47|53|62|28|32|39|21|28|43|".10"|".10"|0|0|0|0|0|0|0|0|0|0|0|0||||4.3|6.1|8.1|2.7|2.9|5.4|4.5|4.8|6||4.4||||||||7.5|11.6|15.2|||||||||||||||||||||"26150218"|"78108999"
"Bt1"||"B"||1|23|25|25|40|46|50|15|21|25|0|0|0|0|4|6|94|96|100|87|91|100|80|91|100|79|90|100|0|2|5|0|0|0|0|0|0|0|0|0|0|0.2|1|1|1.8|2|35|40|40|||||||50|58|80||0||2|2.91|4||||1.22|1.24|1.42||||1.38|1.48|1.55||0.42|2.3|4.23|0.12|0.13|0.14||||30.5|33.7|40.8|25.1|30.6|36.8|38|46|50|4.4|8|30|58|68|89|35|42|57|21|31|43|".10"|".10"|0|0|0|0|0|0|0|0|0|0|0|0||||6.1|8.6|13.1|2.1|5|7|4.5|5|6||4.5||||||||12.4|18.1|26.7|||||||||||||||||||||"26150218"|"78109001"
"Bt3"||"B"||3|69|74|79|120|122|140|46|48|66|0|0|0|0|4|6|94|96|100|87|91|100|80|91|100|77|88|99|5|7|10|0|0|0|0|0|0|0|0|0|0|0.6|1|6|6.4|7|35|35|40|||||||50|58|60||0||1|1.14|2||||1.22|1.23|1.42||||1.38|1.38|1.55||1.41|2.5|4.23|0.12|0.13|0.14||||30|33|36|24.2|28.9|32.7|39|47|51|3|4.1|5.4|56|64|69|35|40|43|21|28|43|".10"|".10"|0|0|0|0|0|0|0|0|0|0|0|0||||5.7|7.9|9.4|3|4|5.9|4.5|4.9|6||4.4||||||||10.6|15.1|18.3|||||||||||||||||||||"26150218"|"78109002"
"H1"||"H"||1||0|||33|||||0|0|0|0|0|0|100|100|100|100|100|100|95|97.5|100|90|95|100||18.5|||1.3|||2|||2.9|||5.9|||6.4|||44||||||||35|37.5|40||0||4|5|6||||0.9|1|1.1||||0.95|1.05|1.15||4.23|23|42.34|0.12|0.13|0.14||||31.4|32.5|33.5|17.4|19.3|21|51|54|58|0|1.5|2.9|60|67.5|75|15|20|25|20|28|37|".17"|".17"|0|0|0|0|0|0|0|0|0|0|0|0|23.9|26|28.1|||||||6.1|6.3|6.5|||||||||||||||||||||||||||||||||"26150168"|"78108846"
"H2"||"H"||2||33|||193|||||0|0|0|0|0|0|95|97.5|100|95|97.5|100|90|95|100|85|92.5|100||18.5|||1.3|||2|||2.9|||5.9|||6.4|||44||||||||35|37.5|40||0||0.5|1.5|3||||0.9|1|1.1||||0.95|1.05|1.15||0.42|2.3|4.23|0.12|0.13|0.14||||28.8|30.3|32|14.1|16.1|18.5|51|55|59|0|1.5|2.9|60|67.5|75|15|20|25|18|27|37|".17"|".17"|0|0|0|0|0|0|0|0|0|0|0|0|18.1|22.2|25.6|||||||6.1|6.3|6.5|||||||||||||||||||||||||||||||||"26150168"|"78108847"
"H1"||"H"||1||0|||30|||||0|3|5|0|3|5|100|100|100|95|97.5|100|95|97.5|100|90|95|100||5|||0.4|||0.6|||0.8|||1.5|||1.7|||30||||||||55|65|70||0||2|3.5|5||||1.1|1.15|1.2||||1.27|1.32|1.37||1.41|7|14.11|0.13|0.14|0.15||||41.7|44.8|47.4|27.1|33.9|38.8|46|49|53|3|4.5|5.9|65|67.5|70|25|27.5|30|29|34|39|".28"|".28"|0|0|0|0|0|0||||0|0|0|15.3|18.3|22.4|||||||6.1|6.7|7.3|||||||||||||||||||||||||||||||||"26150183"|"78108876"
"H2"||"H"||2||30|||152|||||0|5|10|0|8|15|90|95|100|85|92.5|100|80|90|100|75|85|95||5|||0|||0|||0|||0.5|||4.5|||37||||||||55|58|70||0||0.5|0.75|1||||1.1|1.15|1.2||||1.28|1.33|1.39||1.41|2.5|4.23|0.13|0.14|0.15||||27|31.2|37.3|22.3|26.7|35.6|41|48|55|3|4.5|5.9|65|67.5|70|25|27.5|30|22|29|37|".28"|".28"|0|0|0|0|0|0||||0|0|0|11.1|13.2|15.5|||||||6.1|6.7|7.3|||||||||||||||||||||||||||||||||"26150183"|"78108877"
"H3"||"H"||3||20|||51|||||0|0|0|0|0|0|0|0|0|0|0|0|0|0|0|0|0|0||0|||0|||0|||0|||0|||0|||0||||||||0|0|0||0||0|0|0||||||||||||||0.02|0.22|0.42|0|0|0|||||||||||||0|0|0|0|0|0|0|0|0||||".02"|".02"||0|||0||||||||||||||||||||||||||||||||||||||||||||||||||||"26150189"|"78108889"
"H1"||"H"||1||0|||10|||||0|5|10|0|3|5|90|95|100|90|95|100|90|95|100|85|90|95||7.7|||0.2|||0.5|||0.9|||2.4|||3.7|||49.8||||||||30|42.5|55||0||3|4.5|6||||1.2|1.3|1.4||||1.26|1.36|1.42||4.23|9|14|0.12|0.14|0.16||||25.2|31.2|37|16.7|25.4|35|36|43|49|0|1.5|2.9|50|55|60|10|15|20|12|18|26|".10"|".10"|0|0|0|0|0|0||||0|0|0|22.1|30.9|39.6|||||||6.6|7|7.3|||||||||||||||||||||||||||||||||"26150189"|"78108887"
"H2"||"H"||2||10|||20|||||0|5|10|0|3|5|90|95|100|90|95|100|90|95|100|85|90|95||7.7|||0.2|||0.5|||0.9|||2.4|||3.7|||49.8||||||||30|42.5|55||0||1|2.5|4||||1.2|1.3|1.4||||1.26|1.36|1.42||4.23|9|14|0.12|0.14|0.16||||23.9|30.2|36.1|14.7|23.4|33|37|44|51|0|1.5|2.9|50|55|60|10|15|20|12|18|26|".10"|".10"|0|0|0|0|0|0||||0|0|0|20.3|29.6|38.4|||||||6.6|7|7.3|||||||||||||||||||||||||||||||||"26150189"|"78108888"
"H1"||"H"||1||0|||152|||||0|0|0|0|0|0|0|0|0|0|0|0|0|0|0|0|0|0||0|||0|||0|||0|||0|||0|||0|||0|||||0|0|0||0||0|0|0||||||||||||||0.02|0.22|0.42|0|0|0|||||||||||||0|0|0|0|0|0|0|0|0|||||||0|||0||||||||||||||||||||||||||||||||||||||||||||||||||||"26150190"|"78108890"
"H1"||"H"||1||0|||152|||||0|0|0|0|0|0|0|0|0|0|0|0|0|0|0|0|0|0||0|||0|||0|||0|||0|||0|||0||||||||0|0|0||0||0|0|0||||||||||||||0.02|0.22|0.42|0|0|0|||||||||||||0|0|0|0|0|0|0|0|0|||||||0|||0||||||||||||||||||||||||||||||||||||||||||||||||||||"26150191"|"78108891"
"H3"||"H"||3||64|||74|||||0|0|0|0|0|0|0|0|0|0|0|0|0|0|0|0|0|0||0|||0|||0|||0|||0|||0|||0||||||||0|0|0||0||0|0|0||||||||||||||0.02|0.22|0.42|0|0|0|||||||||||||0|0|0|0|0|0|0|0|0|0|0|0|".02"|".02"||0|||0||||||||||||||||||||||||||||||||||||||||||||||||||||"26150192"|"78108894"
"H2"||"H"||2||13|||64|||||0|3|5|40|45|50|90|95|100|85|90|95|75|85|95|65|75|85||33.3|||2.9|||4.1|||5.7|||10.5|||10.1|||31.7||||||||30|35|40||0||5|7.5|10||||0.8|0.95|1.1||||0.86|1.01|1.16||14.11|28|42|0.11|0.12|0.13||||19.3|23.4|27.6|10.2|14.2|18.8|31|39|47|0|1.5|2.9|40|45|50|10|15|20|6|12|19|".05"|".15"|0|0|0|0|0|0|0|0|0|0|0|0|31.1|41.4|51.6|17.3|23|28.7||||4.5|5|5.5|||||||||||||||||||||||||||||||||"26150192"|"78108893"
"H1"||"H"||1||0|||13|||||0|3|5|0|3|5|90|95|100|90|95|100|90|95|100|80|90|100||17.7|||0.2|||0.4|||1.2|||5.1|||10.8|||49.8||||||||30|32.5|35||0||20|25|30||||0.8|0.95|1.1||||||||14.11|28|42|0.14|0.15|0.16||||40.3|40.3|40.3|19.9|21.8|24.2|38|46|55|0|1.5|2.9|50|55|60|10|15|20|11|18|28|".20"|".20"|0|0|0|0|0|0|0|0|0|0|0|0|23.4|31.2|38.4|||||||3.5|4.3|5|||||||||||||||||||||||||||||||||"26150192"|"78108892"
"H2"||"H"||2||25|||152|||||50|55|60|20|30|40|85|90|95|80|85|90|75|82.5|90|70|80|90||7.2|||0.2|||0.4|||0.8|||2.3|||3.5|||47.8||||||||40|45|50||0||0.5|1.25|2||||0.7|1.05|1.4||||0.89|1.24|1.43||14.11|28|42|0.08|0.09|0.1||||0|8.3|15.7|0|6|12.2|0|15|32|0|1.5|2.9|50|60|70|15|20|25|11|20|30|".10"|".28"|0|0|0|0|0|0|0|0|0|0|0|0|20.1|25|28.9|||||||5.6|6.5|7.3|||||||||||||||||||||||||||||||||"26150194"|"78108897"
"H1"||"H"||1||0|||25|||||50|55|60|20|30|40|85|90|95|80|85|90|75|82.5|90|70|80|90||7.2|||0.2|||0.4|||0.8|||2.3|||3.5|||47.8||||||||40|45|50||0||1|2|3||||0.7|1.05|1.4||||1.24|1.4|1.59||14.11|28|42|0.08|0.09|0.1|||||8.1|15.9||6|12.6||14|32|0|1.5|2.9|50|60|70|15|20|25|11|20|30|".10"|".28"|0|0|0|0|0|0|0|0|0|0|0|0|22.1|26.6|30.6|||||||5.1|5.8|6.5|||||||||||||||||||||||||||||||||"26150194"|"78108898"
